


0


1    [1458.40771484  581.0211792 ]
    [1439.3338623   687.09521484]
    [1284.92736816  657.73406982]
    [1181.24169922  850.73632812]
    [1084.30908203 1032.05541992]
    [1608.34643555  719.23370361]
    [1589.7701416   958.03607178]
    [1572.15368652 1185.36914062]
    [1244.73706055 1186.3326416 ]
    [1215.98864746 1607.54858398]
    [1190.71411133 1976.65002441]
    [1450.75488281 1256.80419922]
    [1418.16955566 1702.71594238]
    [1389.77770996 2093.15576172]
    [1435.40686035  550.20916748]
    [1499.73876953  565.46160889]
    [1387.44567871  546.34875488]
    [1560.94274902  588.0322876 ]



1    [1217.96813965  599.47436523]
    [1221.62841797  701.31762695]
    [1079.49975586  702.93157959]
    [1081.25634766  901.3692627 ]
    [1083.05859375 1092.42163086]
    [1372.91027832  699.59967041]
    [1383.31787109  912.66296387]
    [1393.3371582  1120.01794434]
    [1147.40893555 1233.46069336]
    [1165.62744141 1683.3560791 ]
    [1183.21838379 2076.52026367]
    [1349.19274902 1254.3638916 ]
    [1371.61682129 1724.57458496]
    [1390.40222168 2135.30273438]
    [1190.36560059  573.72137451]
    [1248.1739502   575.00427246]
    [1144.82714844  576.93133545]
    [1299.8795166   580.51580811]



1    [1208.77563477  600.35821533]
    [1222.7845459   700.42651367]
    [1080.9732666   701.00006104]
    [1084.66955566  896.98742676]
    [1088.2434082  1086.17480469]
    [1367.77746582  699.84014893]
    [1369.33789062  899.66094971]
    [1372.69311523 1092.80847168]
    [1134.89294434 1202.61291504]
    [1141.68066406 1601.43969727]
    [1147.68261719 1949.51721191]
    [1322.88305664 1209.21398926]
    [1327.21887207 1613.71203613]
    [1331.40808105 1966.640625  ]
    [1179.97497559  576.07116699]
    [1237.20727539  572.91870117]
    [1137.00012207  580.40979004]
    [1290.77563477  572.01190186]



1    [1207.78955078  579.42175293]
    [1227.62939453  696.44451904]
    [1085.87976074  698.39544678]
    [1000.79412842  901.95599365]
    [ 952.30267334 1129.61218262]
    [1355.2088623   694.68859863]
    [1360.60375977  894.42016602]
    [1365.71252441 1089.64587402]
    [1141.35021973 1277.14697266]
    [1150.68164062 1773.89331055]
    [1153.43347168 2218.640625  ]
    [1312.80932617 1236.875     ]
    [1325.0925293  1699.82861328]
    [1329.35620117 2114.06494141]
    [1177.65258789  558.27050781]
    [1234.91003418  556.17767334]
    [1127.61682129  572.63171387]
    [1283.53149414  567.20770264]



1    [1203.31762695  566.230896  ]
    [1232.3614502  695.4675293]
    [1093.02783203  693.5435791 ]
    [984.15045166 905.23999023]
    [ 930.07293701 1155.22265625]
    [1350.68579102  697.10144043]
    [1356.20129395  899.56439209]
    [1359.98693848 1099.08215332]
    [1153.07861328 1319.38977051]
    [1161.79638672 1875.54101562]
    [1156.19775391 2379.58544922]
    [1310.45275879 1261.49328613]
    [1323.98254395 1760.54431152]
    [1321.88037109 2211.74975586]
    [1171.88122559  548.79998779]
    [1229.74572754  544.37512207]
    [1121.68969727  572.06738281]
    [1280.21594238  560.33410645]



1    [1214.34753418  572.91357422]
    [1233.08837891  698.60760498]
    [1081.99975586  700.47674561]
    [1052.77783203  903.94750977]
    [1031.36071777 1106.33276367]
    [1374.91186523  696.85308838]
    [1376.85620117  895.6293335 ]
    [1378.36132812 1088.8717041 ]
    [1140.38647461 1251.4552002 ]
    [1141.75036621 1717.8380127 ]
    [1140.8092041 2136.1015625]
    [1321.50585938 1227.90197754]
    [1325.45825195 1675.77697754]
    [1326.0144043  2077.28662109]
    [1185.10534668  553.26025391]
    [1241.84265137  550.27886963]
    [1138.17224121  571.57824707]
    [1293.28381348  563.90270996]



1    [1221.3380127   573.83642578]
    [1238.77478027  697.74798584]
    [1086.67163086  699.0546875 ]
    [1009.38964844  890.51324463]
    [ 961.7958374 1101.0715332]
    [1382.21923828  696.515625  ]
    [1381.65893555  900.38220215]
    [1380.77697754 1097.41931152]
    [1140.62451172 1241.0838623 ]
    [1137.7479248 1692.2088623]
    [1134.4486084  2095.97827148]
    [1320.94030762 1220.4296875 ]
    [1319.44433594 1655.46350098]
    [1317.08959961 2044.72961426]
    [1193.34130859  552.40301514]
    [1250.4050293   551.50115967]
    [1147.22106934  567.50494385]
    [1303.10961914  565.5569458 ]



1    [1227.18225098  572.05334473]
    [1242.18041992  696.45178223]
    [1089.22888184  696.10803223]
    [1059.08874512  879.58319092]
    [1032.34790039 1061.81799316]
    [1397.84753418  696.80163574]
    [1446.81530762  883.55218506]
    [1499.70361328 1069.28735352]
    [1151.32873535 1220.39294434]
    [1155.61560059 1657.74475098]
    [1159.47961426 2052.95068359]
    [1344.99304199 1226.64343262]
    [1351.07543945 1668.95031738]
    [1356.5423584  2068.70776367]
    [1202.06115723  549.9510498 ]
    [1258.21899414  551.87213135]
    [1159.21704102  563.61303711]
    [1312.51501465  569.53662109]



1    [1231.47058105  569.51983643]
    [1241.95629883  697.9041748 ]
    [1087.70617676  698.3157959 ]
    [1010.92108154  874.96307373]
    [ 949.86846924 1062.45007324]
    [1396.21972656  697.49243164]
    [1472.27355957  875.48284912]
    [1549.43041992 1049.22705078]
    [1151.13171387 1236.91369629]
    [1156.16357422 1691.15917969]
    [1159.4753418  2094.79345703]
    [1346.11877441 1236.41796875]
    [1353.88623047 1690.68115234]
    [1358.26086426 2094.33544922]
    [1205.5324707   547.61102295]
    [1262.2956543   550.55834961]
    [1159.45788574  562.53387451]
    [1314.15258789  571.2387085 ]



1    [1226.0814209   566.76623535]
    [1237.41760254  695.33868408]
    [1083.61706543  693.8527832 ]
    [979.34771729 855.52825928]
    [ 919.33374023 1049.45361328]
    [1388.24768066  696.79571533]
    [1468.71264648  869.81890869]
    [1548.87902832 1036.6496582 ]
    [1137.91320801 1241.4395752 ]
    [1138.09326172 1704.42907715]
    [1135.66210938 2111.20898438]
    [1330.93884277 1236.52392578]
    [1334.14257812 1693.66125488]
    [1332.33312988 2095.32006836]
    [1198.77209473  545.95928955]
    [1255.72766113  546.68731689]
    [1152.19360352  562.9776001 ]
    [1307.34509277  565.58117676]



1    [1220.65222168  572.85992432]
    [1238.13647461  698.55810547]
    [1084.91589355  697.74810791]
    [932.58013916 839.2880249 ]
    [925.06750488 727.56616211]
    [1392.44262695  699.37365723]
    [1431.0880127   901.13769531]
    [1468.07348633 1094.82666016]
    [1146.74328613 1241.54956055]
    [1153.44714355 1707.68261719]
    [1156.5201416  2107.20654297]
    [1344.48791504 1244.98364258]
    [1355.66955566 1713.36047363]
    [1358.55212402 2114.73339844]
    [1193.59802246  552.3682251 ]
    [1249.86352539  551.26483154]
    [1150.02893066  569.80603027]
    [1302.89074707  567.4364624 ]



1    [1219.15563965  572.36688232]
    [1239.11169434  692.66314697]
    [1085.9362793   693.74639893]
    [915.68353271 806.85974121]
    [927.20770264 605.89373779]
    [1397.10546875  691.5458374 ]
    [1411.34240723  903.86828613]
    [1424.92663574 1108.18603516]
    [1157.83557129 1227.87438965]
    [1170.30639648 1690.61682129]
    [1180.27539062 2088.83007812]
    [1356.84521484 1237.11181641]
    [1374.9798584  1709.59741211]
    [1385.45507812 2116.01904297]
    [1193.03649902  550.53875732]
    [1249.90820312  550.9753418 ]
    [1150.64733887  565.02752686]
    [1304.31530762  566.81555176]



1    [1219.36474609  574.6048584 ]
    [1238.96875     695.32147217]
    [1085.40710449  696.41339111]
    [914.53265381 808.28765869]
    [897.83776855 613.39306641]
    [1397.79736328  694.19207764]
    [1413.43664551  907.33459473]
    [1428.51379395 1112.70166016]
    [1157.93371582 1232.49072266]
    [1170.62011719 1697.88647461]
    [1181.0715332  2099.86767578]
    [1358.03723145 1242.74389648]
    [1376.66003418 1718.85949707]
    [1387.93164062 2129.93432617]
    [1192.59082031  552.58349609]
    [1249.70593262  552.18939209]
    [1149.90856934  567.34014893]
    [1303.98303223  566.85308838]



1    [1216.75512695  574.15985107]
    [1236.52258301  696.58953857]
    [1082.72302246  699.48760986]
    [911.50646973 808.33856201]
    [897.09423828 605.16387939]
    [1396.38012695  693.57720947]
    [1413.08569336  908.32373047]
    [1429.06628418 1115.32824707]
    [1162.26855469 1238.42224121]
    [1179.53149414 1708.96240234]
    [1194.38708496 2114.45996094]
    [1364.39489746 1248.21350098]
    [1388.28137207 1731.23999023]
    [1404.15808105 2147.34082031]
    [1189.9362793   552.99578857]
    [1246.97839355  551.40985107]
    [1148.52478027  569.56768799]
    [1302.49060059  565.92706299]



1    [1216.97241211  569.71417236]
    [1235.09863281  696.0458374 ]
    [1081.13012695  699.76483154]
    [910.94866943 809.09362793]
    [896.2855835  602.11309814]
    [1395.24743652  692.1776123 ]
    [1410.80786133  907.28430176]
    [1425.6895752  1114.46496582]
    [1163.67492676 1239.81774902]
    [1183.17248535 1712.50732422]
    [1200.00585938 2118.34716797]
    [1366.44580078 1248.84985352]
    [1392.84655762 1734.32739258]
    [1410.6229248  2150.97998047]
    [1189.60668945  549.84606934]
    [1246.63452148  547.36779785]
    [1147.68505859  569.20941162]
    [1301.6418457   563.21557617]



1    [1218.47094727  569.85266113]
    [1234.71862793  698.66119385]
    [1080.85046387  701.70391846]
    [919.44213867 810.32318115]
    [893.40863037 595.28564453]
    [1395.12939453  695.48913574]
    [1408.60192871  911.01300049]
    [1421.47363281 1118.48657227]
    [1161.19055176 1242.78857422]
    [1179.63232422 1716.66662598]
    [1195.81335449 2123.3059082 ]
    [1364.46472168 1253.55651855]
    [1389.95751953 1741.08862305]
    [1407.11132812 2159.23632812]
    [1191.20019531  550.21051025]
    [1248.20263672  548.02722168]
    [1149.0456543   570.44604492]
    [1302.94360352  565.28588867]



1    [1211.52563477  557.38330078]
    [1243.79187012  690.95568848]
    [1097.20458984  691.04412842]
    [1042.01513672  853.86968994]
    [985.17669678 669.30657959]
    [1394.55822754  690.86480713]
    [1402.17126465  893.02966309]
    [1409.46557617 1087.38623047]
    [1157.33117676 1243.58508301]
    [1168.9005127  1726.32495117]
    [1177.58642578 2137.26098633]
    [1362.81738281 1254.23364258]
    [1381.13342285 1747.06433105]
    [1389.99816895 2166.30371094]
    [1185.63574219  541.36584473]
    [1241.2635498   535.09753418]
    [1150.32128906  567.70092773]
    [1301.13195801  551.77825928]



1    [1204.23840332  536.00115967]
    [1226.87365723  667.27386475]
    [1085.33642578  682.11322021]
    [1142.9888916   856.60522461]
    [1083.15026855  864.30944824]
    [1371.77832031  652.08154297]
    [1382.55883789  833.18652344]
    [1394.21350098 1008.14758301]
    [1187.73840332 1328.58215332]
    [1232.49389648 1885.0111084 ]
    [1271.58850098 2377.02832031]
    [1430.38513184 1316.64709473]
    [1481.04870605 1884.18041992]
    [1522.50439453 2386.29150391]
    [1173.82897949  519.58679199]
    [1230.90551758  514.10345459]
    [1129.09106445  545.12536621]
    [1280.47570801  531.14099121]



1    [1196.59069824  530.21044922]
    [1252.1940918   683.63861084]
    [1096.49475098  684.50140381]
    [1032.32299805  872.65081787]
    [995.8963623  742.17730713]
    [1407.9609375   682.77545166]
    [1405.91003418  882.3125    ]
    [1403.8684082  1075.50317383]
    [1140.65478516 1428.42614746]
    [1152.17321777 2095.52392578]
    [1156.73608398 2660.9909668 ]
    [1409.35546875 1427.24169922]
    [1432.58032227 2094.54785156]
    [1437.81176758 2660.2331543 ]
    [1167.47424316  511.40441895]
    [1231.43811035  504.72155762]
    [1129.5871582   542.76403809]
    [1298.82568359  526.43182373]



1    [1212.70727539  568.18676758]
    [1260.30236816  690.52746582]
    [1125.9967041   687.26739502]
    [1043.29394531  812.08184814]
    [1036.40917969  660.668396  ]
    [1392.94873047  693.74737549]
    [1390.47436523  861.4798584 ]
    [1387.60498047 1023.5927124 ]
    [1161.71154785 1262.03344727]
    [1163.80041504 1771.30041504]
    [1157.85144043 2203.50219727]
    [1364.70605469 1261.42407227]
    [1374.49719238 1765.68579102]
    [1368.90234375 2193.64599609]
    [1188.15478516  552.82739258]
    [1239.78186035  546.74902344]
    [1155.74450684  577.33917236]
    [1294.33410645  561.84155273]



1    [1209.68884277  570.3348999 ]
    [1249.40930176  691.66564941]
    [1111.96875     692.41931152]
    [1016.88891602  821.70855713]
    [999.30096436 699.92382812]
    [1387.80065918  690.90673828]
    [1391.20361328  856.18530273]
    [1394.35583496 1014.89666748]
    [1166.19567871 1235.9050293 ]
    [1179.32141113 1707.66723633]
    [1186.68823242 2106.55883789]
    [1364.14685059 1237.40124512]
    [1382.8861084  1711.60681152]
    [1389.73376465 2112.51220703]
    [1184.56665039  555.00897217]
    [1236.0378418   547.82922363]
    [1152.21765137  578.83111572]
    [1290.51525879  560.29248047]



1    [1208.59863281  568.38891602]
    [1239.78674316  690.07476807]
    [1096.87207031  697.25128174]
    [980.18164062 804.01318359]
    [942.36657715 628.76434326]
    [1390.6940918   682.49688721]
    [1487.92041016  825.07159424]
    [1559.31835938 1005.18041992]
    [1183.26733398 1243.03881836]
    [1211.99267578 1720.82043457]
    [1238.57775879 2132.703125  ]
    [1391.62121582 1254.1583252 ]
    [1427.984375   1751.51159668]
    [1456.35168457 2180.12353516]
    [1182.81652832  551.79998779]
    [1236.08898926  544.96038818]
    [1149.2109375   574.67999268]
    [1292.26208496  557.07495117]



1    [1203.1932373   564.87963867]
    [1239.6151123   694.69244385]
    [1097.09790039  697.41400146]
    [1019.07427979  810.74780273]
    [974.49420166 638.30804443]
    [1388.70471191  691.84527588]
    [1435.41296387  854.70495605]
    [1483.13867188 1021.10949707]
    [1164.88891602 1248.92468262]
    [1184.97875977 1732.57324219]
    [1203.27160645 2146.06396484]
    [1373.1427002  1262.96716309]
    [1400.86206055 1763.37011719]
    [1420.15515137 2190.86401367]
    [1179.13757324  549.76641846]
    [1232.4798584   543.76708984]
    [1147.63293457  576.28076172]
    [1291.31054688  561.16333008]



1    [1202.46472168  562.33642578]
    [1240.20019531  694.89697266]
    [1098.77233887  694.73907471]
    [1033.18481445  816.62188721]
    [991.921875   658.12945557]
    [1386.66162109  695.06054688]
    [1401.5201416   860.29589844]
    [1416.59277344 1018.60443115]
    [1154.03894043 1244.81091309]
    [1166.49853516 1726.82507324]
    [1176.99682617 2136.29199219]
    [1359.72314453 1258.86828613]
    [1379.39831543 1753.93188477]
    [1390.18774414 2174.08666992]
    [1178.90893555  547.92321777]
    [1232.04919434  542.29779053]
    [1147.65637207  575.7444458 ]
    [1290.91918945  561.69927979]



1    [1191.26831055  553.74029541]
    [1259.16503906  672.69622803]
    [1122.98303223  685.54174805]
    [1071.53796387  821.00006104]
    [1011.98309326  705.52252197]
    [1403.33398438  659.09729004]
    [1498.1204834   785.81707764]
    [1557.5012207   945.11108398]
    [1226.00561523 1248.98876953]
    [1259.76037598 1751.39526367]
    [1290.57922363 2179.08691406]
    [1444.49291992 1254.67419434]
    [1488.04614258 1780.63671875]
    [1520.68652344 2228.28271484]
    [1173.29321289  536.92211914]
    [1224.01037598  531.73547363]
    [1153.62463379  559.8081665 ]
    [1291.8338623   547.04785156]



1    [1198.99816895  565.35064697]
    [1255.55700684  684.20404053]
    [1115.25378418  692.97161865]
    [1022.79156494  811.22399902]
    [977.57269287 630.65942383]
    [1400.11535645  675.17059326]
    [1450.64587402  849.99755859]
    [1503.79736328 1028.39233398]
    [1204.89233398 1251.16430664]
    [1237.17663574 1748.02526855]
    [1263.86694336 2177.65307617]
    [1414.9786377  1250.83166504]
    [1455.99584961 1759.11645508]
    [1484.67773438 2198.76489258]
    [1175.36022949  548.02349854]
    [1229.40844727  541.26879883]
    [1146.57336426  569.97436523]
    [1292.68005371  552.70532227]



1    [1200.68725586  571.59783936]
    [1248.96130371  695.68212891]
    [1107.61340332  700.68878174]
    [981.29083252 808.63549805]
    [926.33660889 620.59667969]
    [1393.9630127   690.54614258]
    [1410.84204102  880.6104126 ]
    [1427.39941406 1061.93908691]
    [1183.35498047 1250.72460938]
    [1209.1751709  1736.13513184]
    [1229.9543457  2153.75561523]
    [1388.39697266 1253.7154541 ]
    [1421.91870117 1748.47192383]
    [1443.97839355 2174.1262207 ]
    [1175.59106445  554.1072998 ]
    [1230.28100586  547.12188721]
    [1144.12609863  576.90612793]
    [1291.56848145  558.99505615]



1    [1203.21813965  570.67913818]
    [1244.57702637  694.43481445]
    [1102.9588623   698.91308594]
    [975.73199463 813.45135498]
    [910.75250244 618.18383789]
    [1390.67980957  689.81463623]
    [1398.09899902  887.40130615]
    [1405.99279785 1077.00183105]
    [1177.15588379 1241.06726074]
    [1200.33581543 1716.8013916 ]
    [1219.42175293 2123.11230469]
    [1380.20727539 1246.74572754]
    [1410.53308105 1733.55627441]
    [1430.33825684 2149.20410156]
    [1177.69494629  551.53076172]
    [1232.81420898  545.82037354]
    [1144.23364258  572.1618042 ]
    [1292.53601074  557.60247803]



1    [1209.23583984  563.75164795]
    [1256.4453125   691.94439697]
    [1114.18139648  691.25250244]
    [1016.24951172  829.34906006]
    [954.62353516 677.74658203]
    [1402.2052002   692.65319824]
    [1404.26184082  873.56695557]
    [1407.95812988 1048.60119629]
    [1167.95715332 1238.92858887]
    [1177.90759277 1715.6151123 ]
    [1184.42224121 2119.22412109]
    [1371.14245605 1249.26269531]
    [1387.37255859 1734.72924805]
    [1393.60742188 2145.45947266]
    [1183.51025391  546.41540527]
    [1238.64538574  538.96575928]
    [1151.35900879  570.69665527]
    [1299.68615723  551.61474609]



1    [1207.46643066  541.84588623]
    [1242.3807373   680.86407471]
    [1108.82922363  686.45751953]
    [1100.93188477  849.3225708 ]
    [1015.10626221  790.3883667 ]
    [1381.46337891  675.03900146]
    [1390.91040039  840.30450439]
    [1400.04772949  999.19360352]
    [1175.3651123  1278.69287109]
    [1198.61962891 1804.77307129]
    [1219.11047363 2245.85131836]
    [1399.92089844 1289.57373047]
    [1432.74853516 1834.54711914]
    [1453.49108887 2291.02026367]
    [1181.54406738  526.69122314]
    [1235.07275391  520.47045898]
    [1146.06188965  557.43811035]
    [1290.21362305  541.70507812]



1    [1216.2331543  538.3817749]
    [1219.95605469  672.16265869]
    [1097.08813477  684.13458252]
    [1127.50952148  844.05718994]
    [1042.52636719  840.14044189]
    [1347.51586914  659.73339844]
    [1358.54394531  820.45367432]
    [1370.48022461  976.69555664]
    [1182.66271973 1288.50756836]
    [1225.7833252  1812.37927246]
    [1264.68786621 2276.81005859]
    [1412.67602539 1287.65087891]
    [1463.20812988 1830.10632324]
    [1505.61462402 2311.33544922]
    [1185.9888916   516.68731689]
    [1238.79040527  513.86633301]
    [1137.13330078  537.37860107]
    [1277.35119629  530.14929199]



1    [1220.84460449  544.50860596]
    [1256.99890137  655.23590088]
    [1133.44909668  668.03826904]
    [1110.47680664  831.49151611]
    [1035.03308105  769.52667236]
    [1383.51550293  642.1260376 ]
    [1391.59191895  806.24981689]
    [1400.96374512  965.22930908]
    [1221.78344727 1274.33642578]
    [1271.53588867 1801.0559082 ]
    [1313.34545898 2255.53344727]
    [1450.30102539 1264.33740234]
    [1507.18408203 1802.55993652]
    [1550.28015137 2267.20678711]
    [1194.08789062  520.03900146]
    [1251.89331055  517.90045166]
    [1155.24450684  530.62341309]
    [1308.70910645  525.33605957]



1    [1221.47631836  561.80389404]
    [1278.00476074  682.63171387]
    [1153.68811035  686.36230469]
    [1093.07897949  839.56488037]
    [1035.01403809  780.92425537]
    [1404.89611816  678.82403564]
    [1405.35388184  842.84136963]
    [1405.84411621  999.94989014]
    [1203.27661133 1267.17260742]
    [1227.95861816 1770.60913086]
    [1246.46020508 2195.53808594]
    [1419.99731445 1271.07312012]
    [1451.03063965 1783.8182373 ]
    [1469.03308105 2216.43554688]
    [1198.79064941  543.13433838]
    [1255.51977539  538.42993164]
    [1171.21411133  562.74597168]
    [1323.59228516  551.17236328]



1    [1234.6697998   568.20343018]
    [1283.67626953  697.20837402]
    [1156.26086426  701.1505127 ]
    [1098.58129883  844.77209473]
    [1079.02050781  682.37908936]
    [1414.95483398  693.14672852]
    [1456.06494141  851.41326904]
    [1500.54443359 1010.34136963]
    [1216.00085449 1265.63293457]
    [1239.83081055 1761.17578125]
    [1258.67260742 2184.26806641]
    [1428.62060547 1273.15551758]
    [1460.20825195 1781.6295166 ]
    [1479.87988281 2215.59667969]
    [1211.17138672  553.26721191]
    [1266.88977051  547.37231445]
    [1181.45617676  579.6050415 ]
    [1331.52819824  565.03399658]



1    [1241.20849609  570.12762451]
    [1287.16772461  698.90637207]
    [1156.0793457   703.04553223]
    [1101.12683105  846.89733887]
    [1077.90686035  652.1875    ]
    [1423.00219727  694.61743164]
    [1455.3972168   873.32373047]
    [1490.39672852 1049.52697754]
    [1221.91601562 1256.92211914]
    [1245.77038574 1745.88061523]
    [1265.14465332 2164.29785156]
    [1431.68310547 1266.05993652]
    [1463.82958984 1769.64135742]
    [1484.43676758 2200.39819336]
    [1216.97741699  555.16717529]
    [1273.39599609  549.78393555]
    [1185.14379883  581.33148193]
    [1337.11340332  568.11212158]



1    [1239.51257324  560.71112061]
    [1287.19372559  694.3369751 ]
    [1151.39782715  701.77416992]
    [1093.35681152  850.10235596]
    [1065.81140137  654.0526123 ]
    [1429.84313965  686.52441406]
    [1512.83337402  848.61175537]
    [1590.71716309 1033.09875488]
    [1234.67211914 1265.24645996]
    [1265.76220703 1767.20678711]
    [1293.00842285 2197.3215332 ]
    [1451.35473633 1275.58886719]
    [1492.34240723 1798.16821289]
    [1521.71850586 2245.81616211]
    [1215.43579102  546.57971191]
    [1272.98278809  541.38677979]
    [1183.4119873   575.29187012]
    [1338.52746582  562.7902832 ]



1    [1236.03405762  561.51593018]
    [1286.90429688  692.73919678]
    [1150.07580566  696.6663208 ]
    [1089.1529541   850.49572754]
    [1046.41821289  656.16552734]
    [1426.98706055  688.71868896]
    [1465.81347656  882.65783691]
    [1509.13415527 1076.13757324]
    [1218.56445312 1263.22119141]
    [1242.68261719 1766.41711426]
    [1260.43530273 2197.51782227]
    [1430.07299805 1267.47351074]
    [1462.8380127  1780.27697754]
    [1481.81945801 2219.55688477]
    [1212.82177734  546.0411377 ]
    [1270.23950195  541.98956299]
    [1181.68579102  572.27490234]
    [1336.49804688  562.79821777]



1    [1235.99511719  561.63238525]
    [1282.18408203  696.09265137]
    [1144.16271973  705.83306885]
    [1085.14611816  860.20526123]
    [1050.76464844  651.05596924]
    [1425.86254883  685.95294189]
    [1502.07189941  869.71252441]
    [1580.60888672 1064.80419922]
    [1238.29077148 1267.66845703]
    [1272.80639648 1766.88830566]
    [1301.72180176 2194.91943359]
    [1452.7298584  1270.34484863]
    [1496.35864258 1785.61340332]
    [1527.09204102 2227.44897461]
    [1211.68762207  546.98376465]
    [1269.48327637  542.24371338]
    [1178.83105469  574.98602295]
    [1334.52478027  563.65863037]



1    [1234.91833496  560.26208496]
    [1280.91369629  693.74560547]
    [1144.07385254  701.4239502 ]
    [1086.3527832   862.27380371]
    [1056.50488281  653.09143066]
    [1423.36279297  685.75244141]
    [1465.07348633  880.39129639]
    [1508.95471191 1073.53613281]
    [1228.75134277 1256.60095215]
    [1260.93469238 1748.21105957]
    [1287.94006348 2168.22827148]
    [1440.2878418  1262.11083984]
    [1481.21057129 1769.55432129]
    [1509.67077637 2203.02099609]
    [1210.09082031  546.33709717]
    [1267.45800781  540.4597168 ]
    [1177.20275879  575.07501221]
    [1331.73913574  560.63372803]



1    [1236.34521484  565.5949707 ]
    [1283.76416016  695.0713501 ]
    [1147.88769531  699.77947998]
    [1069.61523438  854.98883057]
    [1064.31872559  656.05566406]
    [1426.73925781  690.11724854]
    [1443.01586914  887.46942139]
    [1460.09472656 1078.72949219]
    [1221.07861328 1240.12988281]
    [1247.58007812 1713.92919922]
    [1271.18432617 2119.98510742]
    [1428.36657715 1253.84790039]
    [1462.70397949 1746.84558105]
    [1487.73693848 2169.08203125]
    [1213.17700195  549.86529541]
    [1269.82104492  545.06530762]
    [1183.0402832   574.96923828]
    [1335.92529297  563.37103271]



1    [1237.86132812  567.10827637]
    [1285.51086426  697.44671631]
    [1148.3692627   699.99597168]
    [1083.39257812  859.7097168 ]
    [1060.32775879  662.06744385]
    [1429.4375      694.77124023]
    [1438.3605957   894.96240234]
    [1447.86230469 1088.04272461]
    [1213.22509766 1246.16821289]
    [1233.91760254 1724.41259766]
    [1252.08203125 2132.42529297]
    [1421.80700684 1262.19787598]
    [1450.10681152 1758.89904785]
    [1469.17907715 2182.26171875]
    [1215.14709473  550.58465576]
    [1272.10693359  546.59997559]
    [1185.32409668  574.94958496]
    [1339.07629395  565.5802002 ]



1    [1241.61425781  562.58325195]
    [1288.82897949  693.76641846]
    [1150.84191895  694.99395752]
    [1096.98046875  856.34619141]
    [1073.10412598  659.18878174]
    [1431.99536133  692.49279785]
    [1437.8269043   889.89715576]
    [1444.64733887 1079.8392334 ]
    [1209.4666748  1240.90185547]
    [1225.21838379 1715.94445801]
    [1237.47888184 2118.29760742]
    [1415.82568359 1253.98974609]
    [1438.13757324 1742.79052734]
    [1450.33093262 2156.39428711]
    [1218.33312988  546.37573242]
    [1275.58154297  541.90905762]
    [1187.82702637  571.23669434]
    [1342.23693848  560.5682373 ]



1    [1252.43115234  559.20166016]
    [1294.03588867  691.55944824]
    [1155.20043945  691.86877441]
    [1095.9666748   854.88232422]
    [1066.65783691  651.53540039]
    [1438.29724121  691.23803711]
    [1444.15771484  891.26574707]
    [1450.63781738 1083.67736816]
    [1210.86608887 1242.03588867]
    [1224.15661621 1721.64941406]
    [1234.33666992 2128.15551758]
    [1419.06982422 1257.23535156]
    [1439.17663574 1751.41943359]
    [1449.34423828 2169.81762695]
    [1227.22753906  544.15643311]
    [1285.1048584   538.05255127]
    [1194.36682129  571.20166016]
    [1350.19384766  556.12213135]



1    [1285.15197754  555.33404541]
    [1319.35070801  687.61407471]
    [1179.45629883  684.64801025]
    [1110.77600098  832.17987061]
    [1062.73120117  624.47375488]
    [1467.13964844  690.74755859]
    [1470.86328125  895.68658447]
    [1475.12182617 1092.98571777]
    [1223.83093262 1233.10998535]
    [1229.83398438 1709.27856445]
    [1235.28967285 2112.63452148]
    [1434.49511719 1259.9263916 ]
    [1447.06530762 1756.98864746]
    [1452.27929688 2177.22167969]
    [1261.34277344  538.22601318]
    [1319.25219727  535.70916748]
    [1227.63720703  562.26104736]
    [1383.64221191  556.87719727]



1    [1320.65087891  560.39831543]
    [1361.80554199  686.34307861]
    [1222.82543945  680.3984375 ]
    [1113.99304199  822.78588867]
    [1091.64343262  677.49243164]
    [1509.22497559  692.64868164]
    [1509.38000488  880.69366455]
    [1510.87805176 1062.24182129]
    [1253.33203125 1227.64282227]
    [1252.16064453 1695.66369629]
    [1251.09082031 2096.38964844]
    [1465.60900879 1261.02160645]
    [1469.27966309 1751.22216797]
    [1467.78710938 2170.15258789]
    [1299.42565918  539.16448975]
    [1358.05932617  539.72247314]
    [1269.45263672  555.73352051]
    [1428.00488281  558.52062988]



1    [1360.70141602  555.84466553]
    [1398.38232422  686.52508545]
    [1260.34240723  673.58654785]
    [1134.08154297  778.33007812]
    [1134.0657959   611.28656006]
    [1546.89880371  700.44561768]
    [1543.74658203  884.20922852]
    [1541.33312988 1060.640625  ]
    [1258.19848633 1228.17163086]
    [1245.44238281 1696.93701172]
    [1235.79907227 2092.21020508]
    [1475.63989258 1280.12695312]
    [1466.046875   1777.31787109]
    [1454.10644531 2194.95849609]
    [1341.7310791   534.69818115]
    [1402.08825684  537.4543457 ]
    [1314.30932617  552.06738281]
    [1478.48632812  561.25592041]



1    [1398.69580078  559.45129395]
    [1434.77954102  679.67352295]
    [1300.31359863  657.75854492]
    [1170.6262207   760.13049316]
    [1164.06384277  621.69470215]
    [1584.10351562  704.01013184]
    [1579.82055664  884.91259766]
    [1575.97753906 1058.37902832]
    [1263.86352539 1178.69702148]
    [1240.8425293  1602.05517578]
    [1223.36987305 1962.91870117]
    [1469.49645996 1254.20361328]
    [1444.11804199 1711.68481445]
    [1422.6862793  2100.03857422]
    [1385.54260254  532.0838623 ]
    [1444.72314453  542.66870117]
    [1365.26098633  536.50622559]
    [1527.58618164  566.38635254]



1    [1436.16210938  562.03619385]
    [1472.67272949  679.4052124 ]
    [1337.79541016  654.07757568]
    [1213.97521973  759.203125  ]
    [1193.5760498   649.96606445]
    [1624.86523438  707.984375  ]
    [1621.80358887  888.99597168]
    [1618.81799316 1062.74108887]
    [1292.37756348 1165.32629395]
    [1265.02941895 1571.90148926]
    [1243.27966309 1917.77307129]
    [1495.69335938 1250.82702637]
    [1463.09729004 1693.47827148]
    [1435.94067383 2068.35229492]
    [1424.42016602  532.09088135]
    [1484.49951172  545.64544678]
    [1405.80041504  531.4609375 ]
    [1571.05297852  569.14056396]



1    [1433.86621094  557.19030762]
    [1466.0255127   673.14660645]
    [1332.06787109  647.90960693]
    [1213.59655762  757.65802002]
    [1179.3527832   653.15814209]
    [1619.62927246  702.08483887]
    [1620.16210938  887.68579102]
    [1620.07714844 1066.07397461]
    [1292.96569824 1156.52758789]
    [1266.94946289 1556.51989746]
    [1246.6348877  1895.15332031]
    [1493.35058594 1247.23937988]
    [1460.97045898 1686.50390625]
    [1434.59655762 2056.38964844]
    [1423.20373535  528.06207275]
    [1481.84179688  541.92327881]
    [1405.9765625   527.70849609]
    [1567.29309082  566.24694824]



1    [1402.04833984  562.28735352]
    [1432.78503418  668.95251465]
    [1301.26037598  649.7644043 ]
    [1189.04638672  764.0098877 ]
    [1153.39611816  658.32250977]
    [1581.94995117  690.71417236]
    [1589.3840332   872.91723633]
    [1596.10632324 1049.17626953]
    [1282.73999023 1158.93310547]
    [1262.27441406 1561.84936523]
    [1246.2331543  1905.67810059]
    [1483.85046387 1237.41345215]
    [1458.55200195 1677.71630859]
    [1437.68408203 2051.8918457 ]
    [1389.8092041   532.15686035]
    [1449.15075684  546.77062988]
    [1370.13122559  527.70269775]
    [1532.76489258  567.79473877]



1    [1368.67529297  563.42504883]
    [1405.12524414  675.69580078]
    [1274.04992676  659.24176025]
    [1152.43603516  748.28997803]
    [1148.33215332  597.66052246]
    [1550.92346191  693.99810791]
    [1559.32275391  868.11749268]
    [1567.45080566 1036.56933594]
    [1257.38806152 1183.06030273]
    [1238.64929199 1610.29589844]
    [1226.46362305 1969.96899414]
    [1463.62121582 1252.81384277]
    [1443.42248535 1716.09887695]
    [1427.1907959  2104.06982422]
    [1353.68066406  538.29309082]
    [1413.79296875  546.45532227]
    [1332.90930176  543.81524658]
    [1497.65979004  567.05950928]



1    [1324.18383789  571.83856201]
    [1351.73620605  683.5088501 ]
    [1221.6484375   674.90570068]
    [1088.45703125  736.03918457]
    [1112.47253418  559.62042236]
    [1493.5871582   692.88989258]
    [1507.71813965  881.37524414]
    [1521.35876465 1064.31835938]
    [1233.8614502  1212.95739746]
    [1226.26257324 1670.3223877 ]
    [1223.94592285 2056.29833984]
    [1444.21948242 1264.12304688]
    [1440.47070312 1755.08044434]
    [1436.54553223 2167.74707031]
    [1304.69958496  548.32666016]
    [1365.30712891  553.63635254]
    [1275.82897949  557.17150879]
    [1440.12695312  572.54174805]



1    [1291.31628418  570.86413574]
    [1312.77636719  685.08227539]
    [1181.80041504  679.44165039]
    [1048.38562012  750.20147705]
    [1077.6171875  575.4909668]
    [1452.80944824  691.11309814]
    [1466.85058594  877.94824219]
    [1480.34362793 1059.37634277]
    [1205.00061035 1226.10620117]
    [1203.02929688 1699.56030273]
    [1204.08752441 2100.21386719]
    [1415.96252441 1264.28710938]
    [1420.08105469 1764.94042969]
    [1420.56091309 2187.40454102]
    [1268.04296875  548.67205811]
    [1329.19616699  552.72949219]
    [1231.11853027  560.40753174]
    [1395.46911621  572.2677002 ]



1    [1246.04907227  569.4553833 ]
    [1263.15966797  691.86322021]
    [1131.83068848  686.64233398]
    [1016.2366333  775.777771 ]
    [1043.89221191  600.76544189]
    [1400.28845215  697.31469727]
    [1411.5300293  879.078125 ]
    [1422.29504395 1055.25231934]
    [1154.70568848 1241.72229004]
    [1153.93212891 1725.62719727]
    [1154.06970215 2137.828125  ]
    [1363.89294434 1268.89318848]
    [1369.78942871 1770.78515625]
    [1369.93664551 2197.56811523]
    [1218.20996094  550.79736328]
    [1279.37561035  549.95074463]
    [1175.23156738  570.19213867]
    [1338.9362793   568.82775879]



1    [1210.86743164  574.95837402]
    [1232.08679199  695.82641602]
    [1101.48376465  691.06933594]
    [985.08813477 791.5512085 ]
    [1015.46032715  627.84747314]
    [1365.68115234  700.69250488]
    [1374.75439453  877.31030273]
    [1383.41064453 1047.83972168]
    [1123.81359863 1247.79602051]
    [1122.9005127  1732.14208984]
    [1121.08569336 2145.10620117]
    [1329.37304688 1264.9934082 ]
    [1334.70910645 1758.73571777]
    [1332.86669922 2179.265625  ]
    [1180.61853027  556.96539307]
    [1240.91711426  552.48199463]
    [1135.92114258  577.59387207]
    [1296.88220215  566.24597168]



1    [1174.26550293  575.70355225]
    [1194.27770996  696.68493652]
    [1064.37536621  695.07727051]
    [979.74401855 806.58233643]
    [1023.84118652  614.203125  ]
    [1319.51391602  698.23486328]
    [1327.37463379  876.7701416 ]
    [1334.68725586 1049.08154297]
    [1097.4395752  1280.86547852]
    [1102.99682617 1796.71166992]
    [1099.06103516 2234.41259766]
    [1296.69372559 1266.58068848]
    [1308.93041992 1766.88928223]
    [1305.21740723 2191.79980469]
    [1142.81262207  556.40905762]
    [1201.37670898  553.7208252 ]
    [1092.39648438  575.68713379]
    [1248.70263672  568.81213379]



1    [1160.13452148  570.2008667 ]
    [1170.6307373   698.81677246]
    [1046.39672852  704.92901611]
    [990.97186279 827.11621094]
    [1043.9831543   621.18029785]
    [1284.14648438  693.23193359]
    [1294.8112793   868.80200195]
    [1304.59973145 1037.65893555]
    [1110.01806641 1308.078125  ]
    [1132.77563477 1844.10070801]
    [1135.74633789 2301.63696289]
    [1290.75842285 1258.33605957]
    [1318.33752441 1755.32641602]
    [1321.60021973 2180.7253418 ]
    [1125.73962402  551.6552124 ]
    [1182.96887207  550.39801025]
    [1065.96325684  573.76269531]
    [1220.24475098  570.21307373]



1    [1130.6081543   559.73522949]
    [1160.18896484  700.17950439]
    [1038.68713379  714.94830322]
    [1034.11608887  863.11157227]
    [1088.69384766  630.20153809]
    [1265.97814941  687.32067871]
    [1405.58300781  824.44342041]
    [1507.20593262  667.5803833 ]
    [1146.45593262 1375.94421387]
    [1195.60241699 1970.9173584 ]
    [1209.92773438 2475.14916992]
    [1314.30725098 1286.91687012]
    [1364.53967285 1815.76281738]
    [1377.60974121 2266.45361328]
    [1092.97424316  544.87817383]
    [1151.21264648  537.58599854]
    [1033.55725098  576.27734375]
    [1192.48059082  555.87719727]



1    [1115.83312988  572.30407715]
    [1153.80810547  709.76617432]
    [1034.04125977  729.71826172]
    [1031.38171387  882.2557373 ]
    [1077.04223633  662.08752441]
    [1259.05627441  692.23272705]
    [1429.90197754  769.91064453]
    [1417.18591309  578.94561768]
    [1150.46264648 1354.59094238]
    [1206.44104004 1909.79968262]
    [1231.01574707 2379.16308594]
    [1313.69885254 1267.04870605]
    [1369.24816895 1765.90979004]
    [1391.25012207 2190.12939453]
    [1079.84448242  558.95898438]
    [1136.01525879  549.05749512]
    [1026.28710938  591.40093994]
    [1179.60559082  564.06072998]



1    [1109.08703613  583.72045898]
    [1161.57568359  712.63696289]
    [1043.02770996  733.73297119]
    [1018.31652832  874.29528809]
    [1060.37487793  653.88378906]
    [1266.66967773  693.93511963]
    [1435.02380371  765.07061768]
    [1414.9029541   573.34381104]
    [1165.93066406 1342.58435059]
    [1224.7713623  1883.46289062]
    [1251.22729492 2337.04296875]
    [1328.23095703 1258.49047852]
    [1386.62304688 1747.92321777]
    [1410.15942383 2161.06152344]
    [1075.59106445  566.29272461]
    [1132.18054199  557.77722168]
    [1026.15625    592.5559082]
    [1179.12548828  569.60284424]



1    [1108.85876465  586.79205322]
    [1167.73022461  712.21636963]
    [1044.57080078  730.30682373]
    [1016.72253418  875.98175049]
    [1053.10839844  667.01708984]
    [1279.7076416   695.76831055]
    [1440.56347656  772.00292969]
    [1423.72131348  578.65386963]
    [1158.48144531 1327.52661133]
    [1212.02819824 1859.63269043]
    [1235.95812988 2300.99829102]
    [1332.82263184 1258.86816406]
    [1388.21850586 1750.02478027]
    [1409.54077148 2160.01489258]
    [1082.59472656  566.64001465]
    [1134.01037598  560.54467773]
    [1046.83349609  587.71069336]
    [1185.54760742  571.70001221]



1    [1113.71484375  574.3604126 ]
    [1168.60668945  709.21179199]
    [1043.84008789  726.05200195]
    [1008.21337891  880.27380371]
    [1056.27941895  685.21679688]
    [1281.91906738  693.91766357]
    [1440.11999512  774.71508789]
    [1429.82019043  584.18084717]
    [1151.68896484 1330.45983887]
    [1202.45031738 1868.20019531]
    [1227.59008789 2322.85424805]
    [1328.3605957  1262.74963379]
    [1381.19726562 1758.7989502 ]
    [1404.40222168 2180.16015625]
    [1087.27697754  556.5713501 ]
    [1138.06542969  549.88775635]
    [1051.21716309  582.8762207 ]
    [1188.34838867  565.32354736]



1    [1118.14331055  562.42572021]
    [1166.54650879  705.03173828]
    [1033.72338867  725.3359375 ]
    [993.18139648 894.6038208 ]
    [1046.2956543   694.10308838]
    [1286.13586426  686.75042725]
    [1453.10180664  800.00909424]
    [1476.8885498   620.98974609]
    [1152.09204102 1366.71435547]
    [1207.40478516 1934.08459473]
    [1236.1697998  2410.85717773]
    [1337.73400879 1287.82983398]
    [1394.10388184 1808.01464844]
    [1420.00402832 2247.60009766]
    [1088.59399414  544.13842773]
    [1141.44226074  537.31237793]
    [1045.68457031  571.95324707]
    [1189.51733398  553.67956543]



1    [1122.24084473  572.23535156]
    [1167.75170898  704.07775879]
    [1041.77380371  724.71380615]
    [995.96783447 881.69354248]
    [1035.90515137  701.03735352]
    [1283.94128418  685.04516602]
    [1435.47607422  788.6305542 ]
    [1456.1295166   610.81652832]
    [1157.1607666 1301.5871582]
    [1208.41662598 1805.88879395]
    [1238.69946289 2230.7277832 ]
    [1334.25769043 1237.69262695]
    [1386.56616211 1710.0559082 ]
    [1414.21728516 2109.80273438]
    [1092.89404297  555.40924072]
    [1143.59875488  547.28747559]
    [1051.23925781  581.63201904]
    [1189.52087402  559.70385742]



1    [1116.66174316  558.47570801]
    [1151.90612793  695.42376709]
    [1022.86688232  711.91442871]
    [1085.56872559  855.99853516]
    [1073.57495117  683.52655029]
    [1274.78320312  679.72045898]
    [1404.79541016  775.98413086]
    [1417.36560059  596.1159668 ]
    [1128.17980957 1294.26977539]
    [1175.23486328 1807.25964355]
    [1204.44799805 2234.59814453]
    [1322.33654785 1247.35656738]
    [1373.24707031 1739.16064453]
    [1400.21948242 2150.47119141]
    [1087.81689453  544.43835449]
    [1139.99377441  537.50628662]
    [1045.33618164  574.21246338]
    [1188.02258301  555.56414795]



1    [1123.46435547  555.19244385]
    [1142.62402344  691.21166992]
    [1015.03063965  709.8493042 ]
    [1115.94384766  818.88989258]
    [1077.07165527  632.06781006]
    [1264.8873291   673.35272217]
    [1395.07495117  766.85083008]
    [1400.12524414  580.06524658]
    [1130.22497559 1298.64562988]
    [1181.90661621 1820.67614746]
    [1216.22570801 2257.73217773]
    [1328.90185547 1249.57946777]
    [1384.99401855 1751.86315918]
    [1417.32629395 2173.99975586]
    [1092.97045898  542.12902832]
    [1145.7635498   536.28875732]
    [1046.17297363  572.75842285]
    [1190.40710449  556.88189697]



1    [1129.25744629  566.73706055]
    [1162.39318848  707.33380127]
    [1035.44287109  725.7890625 ]
    [1065.6517334   845.33526611]
    [1063.25610352  616.19720459]
    [1277.83374023  690.55181885]
    [1458.04382324  761.12585449]
    [1453.77172852  568.30584717]
    [1149.92333984 1373.61816406]
    [1207.19250488 1951.74780273]
    [1235.74584961 2434.54638672]
    [1339.78405762 1296.95910645]
    [1399.15856934 1828.12011719]
    [1425.00354004 2274.52636719]
    [1094.98388672  552.21081543]
    [1149.24768066  542.63684082]
    [1045.19335938  584.13562012]
    [1192.70935059  558.00708008]



1    [1131.5546875   572.48876953]
    [1169.81677246  715.00726318]
    [1048.99084473  732.76330566]
    [1050.34204102  848.90686035]
    [1072.57385254  601.44628906]
    [1275.5480957   699.46948242]
    [1468.50891113  763.14691162]
    [1462.2800293   568.73864746]
    [1160.8392334  1419.11352539]
    [1218.89660645 2034.84619141]
    [1239.71252441 2550.97167969]
    [1335.58300781 1321.32177734]
    [1393.77575684 1868.01171875]
    [1412.17651367 2329.54101562]
    [1095.64611816  556.26098633]
    [1151.01049805  546.09393311]
    [1043.3392334   587.73980713]
    [1193.5135498   559.98986816]



1    [1128.60522461  558.38500977]
    [1171.25500488  704.24780273]
    [1041.52905273  725.67388916]
    [1003.83184814  848.70129395]
    [1023.40582275  610.54553223]
    [1288.53222656  684.87786865]
    [1468.51416016  785.52520752]
    [1491.8951416   599.42285156]
    [1159.80981445 1378.85766602]
    [1216.9317627  1954.50585938]
    [1249.58483887 2442.45751953]
    [1348.99194336 1296.00378418]
    [1406.79724121 1823.81445312]
    [1436.54150391 2273.43115234]
    [1094.78662109  542.49945068]
    [1150.87670898  532.9987793 ]
    [1046.46484375  574.45031738]
    [1198.67456055  548.77838135]



1    [1128.78601074  558.90142822]
    [1168.85705566  695.20703125]
    [1042.38256836  716.44482422]
    [988.26226807 833.12487793]
    [996.33398438 625.28448486]
    [1288.31640625  675.1472168 ]
    [1449.38183594  783.07562256]
    [1475.2467041   626.88769531]
    [1158.0916748  1297.75744629]
    [1210.2220459  1801.57202148]
    [1246.96911621 2231.66748047]
    [1347.56933594 1239.92724609]
    [1401.0859375 1720.0723877]
    [1435.65319824 2131.20849609]
    [1098.76635742  544.13098145]
    [1151.02856445  535.52911377]
    [1056.34753418  573.45452881]
    [1198.49523926  550.3348999 ]



1    [1122.47705078  550.16943359]
    [1146.39208984  685.2869873 ]
    [1021.23754883  705.18139648]
    [1087.31848145  851.23510742]
    [1035.12573242  666.18444824]
    [1271.89025879  665.33789062]
    [1424.74865723  788.65576172]
    [1356.98864746  596.28552246]
    [1142.49035645 1296.93505859]
    [1192.06066895 1825.02111816]
    [1232.26513672 2275.45239258]
    [1358.11535645 1265.06298828]
    [1415.20117188 1793.3807373 ]
    [1455.84936523 2244.89355469]
    [1094.04553223  538.30444336]
    [1145.93237305  531.46551514]
    [1052.05200195  569.61474609]
    [1193.69921875  551.28894043]



1    [1120.71789551  550.84143066]
    [1138.20812988  683.64025879]
    [1018.12976074  703.94287109]
    [1125.46032715  836.67590332]
    [1038.65209961  683.43212891]
    [1263.1439209   662.51660156]
    [1407.5847168  789.418396 ]
    [1317.90734863  588.78924561]
    [1141.30810547 1296.12756348]
    [1193.21679688 1831.81628418]
    [1241.59924316 2295.56713867]
    [1365.22717285 1281.88537598]
    [1428.44445801 1837.25488281]
    [1480.54675293 2318.74194336]
    [1094.03015137  540.40490723]
    [1145.38305664  533.86737061]
    [1054.25598145  572.22955322]
    [1195.20251465  554.81359863]



1    [1128.62573242  565.87634277]
    [1162.0838623   701.19696045]
    [1038.82861328  721.26831055]
    [1077.35021973  906.24700928]
    [1035.36206055  766.91186523]
    [1286.88366699  680.87408447]
    [1437.3059082   804.24346924]
    [1443.92199707  601.45306396]
    [1161.48217773 1298.12573242]
    [1214.13476562 1804.90075684]
    [1257.84729004 2234.68066406]
    [1374.41259766 1270.91809082]
    [1433.4387207  1782.54455566]
    [1477.19726562 2217.10107422]
    [1100.66186523  554.78839111]
    [1152.83410645  545.89691162]
    [1061.51745605  586.87902832]
    [1204.35449219  563.06762695]



1    [1128.52258301  572.70892334]
    [1166.69628906  706.32824707]
    [1045.12927246  728.11395264]
    [1049.56396484  908.21081543]
    [1038.00939941  752.10650635]
    [1285.92248535  684.9619751 ]
    [1428.92431641  803.96160889]
    [1484.04992676  620.92242432]
    [1169.25463867 1285.84472656]
    [1223.02368164 1770.02404785]
    [1262.77722168 2174.56835938]
    [1365.39453125 1242.38916016]
    [1422.26379395 1717.88525391]
    [1459.8338623  2116.36401367]
    [1099.5291748   561.98223877]
    [1151.4564209   552.69952393]
    [1059.21533203  594.26940918]
    [1200.58874512  569.36956787]



1    [1128.09436035  566.08538818]
    [1162.12731934  699.62371826]
    [1034.07226562  721.09918213]
    [1032.10180664  906.63549805]
    [1030.24682617  736.39770508]
    [1286.01818848  678.84667969]
    [1432.24462891  807.01141357]
    [1499.55212402  621.1026001 ]
    [1151.515625   1305.91137695]
    [1205.84118652 1805.7130127 ]
    [1248.3203125  2233.80297852]
    [1352.81103516 1256.75415039]
    [1408.49389648 1742.50622559]
    [1449.03173828 2159.44799805]
    [1094.54553223  554.25531006]
    [1149.59814453  541.9732666 ]
    [1048.88415527  586.53253174]
    [1197.21838379  553.58782959]



1    [1123.62683105  554.81256104]
    [1147.18688965  679.16534424]
    [1021.96893311  703.66125488]
    [1098.37792969  872.15856934]
    [1056.96459961  722.19696045]
    [1271.15185547  654.91461182]
    [1412.00427246  802.28790283]
    [1485.18676758  661.87744141]
    [1159.92236328 1277.63037109]
    [1220.72851562 1782.21447754]
    [1270.66809082 2218.76977539]
    [1365.89709473 1233.28173828]
    [1431.16760254 1732.51391602]
    [1481.07617188 2165.2668457 ]
    [1090.92883301  544.33239746]
    [1144.7244873   533.79779053]
    [1044.0279541  575.3927002]
    [1189.2052002   547.01361084]



1    [1125.67785645  559.9664917 ]
    [1131.92297363  679.5057373 ]
    [1013.43695068  703.15533447]
    [1119.19116211  847.03564453]
    [1044.07299805  702.06158447]
    [1252.84484863  655.36987305]
    [1407.61413574  794.72247314]
    [1350.87524414  615.24438477]
    [1151.53149414 1280.88720703]
    [1212.99023438 1798.94848633]
    [1266.16088867 2240.34106445]
    [1367.0111084  1250.28942871]
    [1437.10021973 1777.13183594]
    [1491.58166504 2226.89013672]
    [1093.07324219  547.86083984]
    [1146.23730469  540.11553955]
    [1043.11132812  575.74761963]
    [1186.66455078  554.76965332]



1    [1129.7833252   578.89404297]
    [1148.04455566  699.6383667 ]
    [1027.72766113  720.08221436]
    [1140.96850586  867.74139404]
    [1072.29882812  728.60467529]
    [1270.62658691  678.80963135]
    [1432.51196289  817.81811523]
    [1355.86853027  648.12927246]
    [1151.14953613 1295.11633301]
    [1211.54040527 1799.13623047]
    [1264.94689941 2242.51806641]
    [1364.99633789 1269.44873047]
    [1432.02868652 1781.29846191]
    [1487.95300293 2232.08569336]
    [1098.77661133  564.80706787]
    [1153.48474121  557.22161865]
    [1052.83483887  589.70819092]
    [1200.2355957   569.47253418]



1    [1131.50500488  576.62524414]
    [1166.92102051  699.85565186]
    [1046.69946289  720.7444458 ]
    [1169.39196777  867.81347656]
    [1124.80615234  727.82788086]
    [1286.00744629  679.16412354]
    [1429.88586426  816.57672119]
    [1428.81884766  622.80804443]
    [1167.03552246 1282.1204834 ]
    [1226.82556152 1770.09997559]
    [1276.51062012 2194.80273438]
    [1367.9107666  1243.21520996]
    [1431.59985352 1726.38525391]
    [1481.46337891 2147.5065918 ]
    [1102.37414551  563.70892334]
    [1156.29431152  555.01464844]
    [1061.89868164  590.83825684]
    [1207.22546387  567.82232666]



1    [1126.58288574  567.22998047]
    [1172.78039551  690.32269287]
    [1056.01489258  710.6005249 ]
    [1184.81115723  855.39190674]
    [1163.73449707  713.14318848]
    [1285.24951172  670.79095459]
    [1419.36303711  811.22521973]
    [1460.29638672  634.73895264]
    [1168.90136719 1266.95373535]
    [1225.12780762 1747.54333496]
    [1266.29614258 2155.12426758]
    [1356.81628418 1217.07019043]
    [1414.84973145 1681.67773438]
    [1453.83703613 2076.88012695]
    [1097.05749512  556.69281006]
    [1150.01806641  546.12811279]
    [1057.17651367  587.18359375]
    [1200.16320801  559.04089355]



1    [1126.08374023  555.13079834]
    [1149.05859375  680.2053833 ]
    [1027.19885254  703.44451904]
    [1145.41369629  856.05847168]
    [1097.65710449  704.76208496]
    [1269.35742188  657.26409912]
    [1409.2088623   797.87390137]
    [1332.32824707  603.30255127]
    [1160.05944824 1278.7010498 ]
    [1219.40039062 1783.91015625]
    [1264.71191406 2206.67333984]
    [1365.00805664 1233.95397949]
    [1428.75488281 1732.42626953]
    [1472.22131348 2150.83813477]
    [1092.4263916   545.57836914]
    [1145.66687012  533.80432129]
    [1044.34863281  578.13366699]
    [1189.22924805  545.99237061]



1    [1112.20043945  560.96118164]
    [1146.38427734  687.45507812]
    [1023.63684082  709.40936279]
    [1136.6574707   869.47735596]
    [1081.91589355  715.03747559]
    [1268.81713867  665.55706787]
    [1413.02246094  818.82965088]
    [1315.41931152  628.46191406]
    [1151.55725098 1284.63293457]
    [1210.35827637 1789.82116699]
    [1258.06469727 2219.53051758]
    [1359.84399414 1246.91259766]
    [1423.90710449 1750.01196289]
    [1471.11816406 2178.84936523]
    [1083.93493652  549.19604492]
    [1137.61682129  542.22521973]
    [1042.21191406  578.20611572]
    [1188.47521973  559.64477539]



1    [1122.08508301  569.35650635]
    [1160.03430176  695.78009033]
    [1042.03417969  716.55401611]
    [1087.0456543   897.94006348]
    [1059.42736816  740.29785156]
    [1276.66748047  675.24676514]
    [1417.16394043  824.34991455]
    [1416.97875977  639.24029541]
    [1162.96936035 1270.20361328]
    [1218.17944336 1754.59521484]
    [1261.27612305 2165.88989258]
    [1360.2298584  1230.62426758]
    [1419.68188477 1709.21032715]
    [1461.82104492 2116.52246094]
    [1094.76257324  559.49169922]
    [1146.41589355  550.98480225]
    [1056.32104492  590.49768066]
    [1197.07336426  567.81054688]



1    [1123.12744141  570.57995605]
    [1166.03051758  697.34686279]
    [1050.27587891  718.48913574]
    [1065.68505859  898.54803467]
    [1058.8782959   737.63476562]
    [1278.59863281  676.78649902]
    [1414.7019043   815.12561035]
    [1463.63537598  638.2144165 ]
    [1170.71606445 1260.80212402]
    [1225.12451172 1734.36352539]
    [1264.87548828 2134.45458984]
    [1357.79736328 1214.44433594]
    [1415.1920166  1675.88525391]
    [1453.2010498  2066.91943359]
    [1095.20727539  562.87927246]
    [1145.92492676  552.20477295]
    [1057.94763184  596.8951416 ]
    [1195.59020996  568.34838867]



1    [1120.83642578  566.11688232]
    [1158.60839844  696.7520752 ]
    [1035.94238281  715.06005859]
    [1044.74523926  905.25500488]
    [1043.56555176  731.17218018]
    [1277.42370605  679.0189209 ]
    [1415.27111816  832.94677734]
    [1478.68945312  653.1541748 ]
    [1145.18725586 1294.49365234]
    [1198.26989746 1802.00964355]
    [1236.09643555 2228.89306641]
    [1343.96032715 1249.68737793]
    [1400.88891602 1742.37475586]
    [1436.85009766 2158.08422852]
    [1089.39038086  558.12744141]
    [1142.58190918  545.32556152]
    [1047.97363281  593.92578125]
    [1191.36791992  559.65020752]



1    [1127.33203125  556.77105713]
    [1147.30200195  686.92858887]
    [1023.84124756  707.47784424]
    [1091.80871582  881.2744751 ]
    [1067.91662598  668.24310303]
    [1265.77124023  667.21008301]
    [1420.88000488  822.47821045]
    [1350.9119873  620.8248291]
    [1147.91003418 1330.4486084 ]
    [1206.76428223 1884.52416992]
    [1244.99816895 2342.16479492]
    [1356.94909668 1273.43884277]
    [1420.42504883 1805.29968262]
    [1455.7689209  2246.79248047]
    [1092.67663574  547.13018799]
    [1146.46057129  536.13549805]
    [1042.55883789  581.74407959]
    [1188.7590332   551.63922119]



1    [1135.65429688  557.21936035]
    [1153.76501465  696.43658447]
    [1028.68933105  721.59912109]
    [1030.12976074  916.64984131]
    [1037.87792969  692.19549561]
    [1271.0111084  672.8493042]
    [1441.07775879  823.75604248]
    [1389.10925293  624.71612549]
    [1169.58752441 1354.95532227]
    [1235.2130127  1916.23059082]
    [1276.98962402 2384.35498047]
    [1370.10742188 1279.87512207]
    [1437.80041504 1808.03710938]
    [1476.14086914 2251.0769043 ]
    [1097.5423584   545.07366943]
    [1154.49731445  539.10522461]
    [1036.23266602  578.31842041]
    [1191.83068848  561.24871826]



1    [1136.77941895  560.98345947]
    [1155.33068848  699.50286865]
    [1035.68884277  725.86889648]
    [1009.87536621  914.34619141]
    [1044.54504395  692.40740967]
    [1264.80761719  675.37683105]
    [1431.26342773  818.57513428]
    [1399.54504395  628.93255615]
    [1177.30358887 1342.61767578]
    [1244.93383789 1885.50146484]
    [1284.72375488 2337.42480469]
    [1358.36169434 1257.52282715]
    [1425.4909668  1758.97631836]
    [1461.10742188 2179.28857422]
    [1098.01806641  548.73376465]
    [1153.63549805  544.62280273]
    [1034.19128418  580.66833496]
    [1187.45678711  568.14147949]



1    [1139.3079834   572.10772705]
    [1158.58251953  708.97491455]
    [1014.95922852  736.19122314]
    [944.88299561 907.91802979]
    [1003.50183105  589.56695557]
    [1281.21179199  685.73681641]
    [1472.51208496  852.67504883]
    [1465.91064453  633.12347412]
    [1161.91503906 1332.68457031]
    [1219.94470215 1861.77844238]
    [1247.68701172 2308.40112305]
    [1317.14379883 1245.66223145]
    [1373.56286621 1722.30541992]
    [1398.15942383 2127.11474609]
    [1102.29150391  561.12902832]
    [1156.45947266  555.39813232]
    [1043.53393555  593.38366699]
    [1193.05651855  576.61126709]



1    [1139.26000977  576.52630615]
    [1162.50268555  712.62158203]
    [1019.54925537  734.13043213]
    [932.10076904 896.84667969]
    [1017.91363525  588.45404053]
    [1282.99816895  694.49176025]
    [1465.06896973  864.10412598]
    [1469.51647949  648.26293945]
    [1145.06420898 1318.67626953]
    [1190.37109375 1835.51733398]
    [1206.9050293  2274.30053711]
    [1292.96154785 1238.9185791 ]
    [1337.66259766 1703.1541748 ]
    [1352.3527832  2099.30102539]
    [1103.87158203  566.24414062]
    [1158.3314209  557.4005127]
    [1050.6595459   599.30163574]
    [1200.7364502   574.44055176]



1    [1141.39916992  577.04943848]
    [1164.38598633  712.07873535]
    [1015.07458496  733.28521729]
    [931.46807861 899.43786621]
    [1029.75622559  586.77813721]
    [1287.16833496  694.64013672]
    [1414.54821777  858.04852295]
    [1420.39208984  606.2041626 ]
    [1148.9473877  1319.88061523]
    [1190.890625   1842.16821289]
    [1203.31872559 2289.42529297]
    [1290.47314453 1238.37939453]
    [1332.03112793 1703.98999023]
    [1343.34570312 2104.4375    ]
    [1106.87744141  565.59124756]
    [1161.32800293  556.92944336]
    [1054.96203613  597.27941895]
    [1204.92480469  573.09960938]



1    [1149.62683105  578.85638428]
    [1172.10876465  708.52526855]
    [1020.08410645  733.67407227]
    [886.68676758 943.22277832]
    [1010.21844482  901.15313721]
    [1307.43518066  686.13885498]
    [1344.15905762  843.5737915 ]
    [1378.14489746  607.38806152]
    [1137.18530273 1257.25830078]
    [1169.50952148 1697.10656738]
    [1197.05395508 2086.12109375]
    [1295.74743652 1196.64550781]
    [1326.19030762 1608.49157715]
    [1351.86352539 1972.88757324]
    [1117.15625     565.25695801]
    [1172.19116211  557.00219727]
    [1068.08911133  592.51104736]
    [1219.13842773  569.92089844]



1    [1158.70947266  576.69793701]
    [1182.62854004  700.99035645]
    [1027.96520996  727.06018066]
    [882.50286865 909.0446167 ]
    [981.47680664 942.2611084 ]
    [1325.1907959   676.96026611]
    [1341.20654297  839.82073975]
    [1377.43261719  604.39593506]
    [1150.73706055 1228.98034668]
    [1184.43591309 1643.44580078]
    [1215.4050293  2010.15332031]
    [1315.49023438 1177.94250488]
    [1346.41223145 1574.37304688]
    [1375.31408691 1925.14086914]
    [1126.87890625  561.82928467]
    [1181.97460938  553.43914795]
    [1079.20007324  586.24914551]
    [1229.93286133  563.47967529]



1    [1163.71069336  576.21185303]
    [1188.67382812  697.74224854]
    [1034.73156738  723.92767334]
    [890.03070068 900.47735596]
    [978.87902832 929.078125  ]
    [1332.45422363  673.28546143]
    [1350.88464355  839.75158691]
    [1382.20996094  605.48193359]
    [1160.53857422 1217.98498535]
    [1196.7767334  1624.10742188]
    [1228.36523438 1978.17993164]
    [1326.65710449 1170.39501953]
    [1359.9017334 1561.7487793]
    [1388.8996582  1903.19458008]
    [1132.35620117  561.07897949]
    [1187.12109375  552.53985596]
    [1085.9206543   584.39691162]
    [1235.49304199  561.30871582]



1    [1167.6229248   575.73529053]
    [1192.93029785  696.24066162]
    [1041.08068848  722.2442627 ]
    [899.03466797 900.00402832]
    [986.73303223 912.21124268]
    [1334.95776367  671.91900635]
    [1358.91467285  837.85308838]
    [1386.83190918  605.78985596]
    [1166.69775391 1212.75769043]
    [1204.11938477 1616.27490234]
    [1236.46081543 1967.61010742]
    [1331.50427246 1165.64306641]
    [1366.01721191 1554.68164062]
    [1395.7557373 1893.6842041]
    [1136.55749512  560.85620117]
    [1190.79956055  552.25463867]
    [1090.7824707   584.14569092]
    [1238.82055664  560.91522217]



1    [1168.03845215  575.25054932]
    [1193.36767578  696.04998779]
    [1042.52600098  721.97290039]
    [901.58520508 901.74737549]
    [991.30822754 905.11340332]
    [1334.0748291   671.86865234]
    [1361.26916504  836.77923584]
    [1388.07336426  605.27209473]
    [1167.73205566 1213.51062012]
    [1205.60913086 1618.99707031]
    [1238.38635254 1972.88342285]
    [1331.69335938 1165.58093262]
    [1366.8145752  1555.79431152]
    [1397.10583496 1896.60791016]
    [1136.92919922  560.58825684]
    [1191.0213623   551.95593262]
    [1091.08508301  584.24163818]
    [1238.6496582   560.92926025]



1    [1167.80908203  574.84155273]
    [1193.04699707  696.04907227]
    [1042.70715332  721.91162109]
    [902.07824707 902.92816162]
    [993.83343506 902.76062012]
    [1332.94689941  671.98242188]
    [1361.74194336  836.08209229]
    [1388.24926758  604.62127686]
    [1167.59362793 1215.04638672]
    [1205.65002441 1622.8840332 ]
    [1238.66125488 1979.66809082]
    [1331.10620117 1166.37084961]
    [1366.54089355 1558.19934082]
    [1397.17919922 1901.21240234]
    [1136.58581543  560.29919434]
    [1190.65441895  551.66247559]
    [1090.50854492  584.2432251 ]
    [1237.95214844  560.91619873]



1    [1158.48876953  573.00335693]
    [1179.04577637  695.144104  ]
    [1025.54638672  720.56365967]
    [888.38275146 887.64733887]
    [972.2387085  960.22705078]
    [1322.90100098  671.32171631]
    [1343.17126465  840.21307373]
    [1372.9119873   606.77703857]
    [1148.71655273 1217.07849121]
    [1184.90551758 1624.61010742]
    [1217.14697266 1981.77270508]
    [1316.96166992 1170.56921387]
    [1350.12658691 1563.85144043]
    [1379.95617676 1908.66955566]
    [1126.87695312  556.71026611]
    [1182.31274414  549.74255371]
    [1078.32727051  578.62866211]
    [1229.25012207  559.83441162]



1    [1164.46948242  575.87835693]
    [1178.51403809  696.63049316]
    [1024.90991211  719.89672852]
    [905.45513916 862.64703369]
    [978.66082764 984.83843994]
    [1323.0814209   674.73309326]
    [1336.65039062  847.49017334]
    [1373.03820801  616.84777832]
    [1136.85388184 1206.71459961]
    [1165.9576416  1599.31286621]
    [1191.95703125 1939.6607666 ]
    [1304.26245117 1164.53552246]
    [1329.45690918 1544.84484863]
    [1352.43615723 1874.76855469]
    [1132.34875488  558.32977295]
    [1187.97583008  552.62615967]
    [1081.00219727  577.92791748]
    [1232.18432617  562.51141357]



1    [1161.94897461  580.16851807]
    [1175.88659668  702.01464844]
    [1020.67071533  724.35522461]
    [880.87463379 902.24603271]
    [952.07489014 816.72875977]
    [1321.14453125  681.1072998 ]
    [1339.99707031  838.28283691]
    [1367.93078613  610.56500244]
    [1142.7857666  1247.32275391]
    [1180.60583496 1685.68078613]
    [1207.92565918 2056.77563477]
    [1317.82897949 1201.54614258]
    [1354.5357666  1622.96020508]
    [1378.91479492 1980.62841797]
    [1129.26660156  562.68383789]
    [1185.37915039  556.72003174]
    [1077.15515137  583.53173828]
    [1229.81225586  567.36828613]



1    [1159.44226074  581.32562256]
    [1174.10546875  705.08880615]
    [1019.06549072  727.15319824]
    [866.15661621 878.63043213]
    [927.13647461 738.01434326]
    [1319.88049316  684.34289551]
    [1336.18005371  835.87023926]
    [1361.06811523  611.84643555]
    [1144.84631348 1259.6348877 ]
    [1186.52075195 1712.4888916 ]
    [1216.98962402 2098.65185547]
    [1323.78564453 1214.25915527]
    [1365.51171875 1650.05517578]
    [1393.66760254 2022.52856445]
    [1126.41381836  564.77197266]
    [1182.25622559  557.60266113]
    [1074.92932129  587.65270996]
    [1227.0670166   568.17138672]



1    [1155.31518555  579.33740234]
    [1172.94787598  705.85205078]
    [1018.5736084   728.42706299]
    [872.59295654 884.85266113]
    [942.62561035 906.75128174]
    [1319.43139648  684.4309082 ]
    [1328.56518555  842.97149658]
    [1357.31262207  621.3782959 ]
    [1139.09802246 1241.27111816]
    [1176.52111816 1668.03466797]
    [1209.28808594 2044.48742676]
    [1315.73400879 1199.36621094]
    [1351.60949707 1613.17858887]
    [1382.88549805 1978.30932617]
    [1122.48791504  563.68902588]
    [1177.84765625  555.56317139]
    [1072.53894043  588.01574707]
    [1223.50354004  565.93450928]



1    [1153.37353516  577.44000244]
    [1173.4798584   704.30975342]
    [1019.96704102  727.99908447]
    [879.12969971 873.07269287]
    [952.01348877 949.11468506]
    [1319.05505371  681.84533691]
    [1328.86657715  842.20806885]
    [1357.90759277  622.17578125]
    [1140.51574707 1232.34472656]
    [1176.68359375 1647.41540527]
    [1209.72314453 2015.29785156]
    [1314.70996094 1189.58215332]
    [1348.3704834  1592.33337402]
    [1379.71325684 1949.25842285]
    [1120.90698242  561.94580078]
    [1176.01074219  553.71221924]
    [1071.86694336  586.40228271]
    [1222.18518066  564.04840088]



1    [1154.37719727  578.20385742]
    [1173.95751953  704.79608154]
    [1021.12109375  728.84924316]
    [885.06921387 872.44482422]
    [959.31616211 961.17230225]
    [1318.50854492  682.04699707]
    [1329.52600098  844.48736572]
    [1360.109375    625.37994385]
    [1138.80029297 1227.68908691]
    [1173.02783203 1633.6940918 ]
    [1204.08312988 1990.02160645]
    [1310.91589355 1184.21716309]
    [1341.78869629 1577.94836426]
    [1370.42541504 1923.57385254]
    [1122.1595459   562.21081543]
    [1177.43103027  554.41522217]
    [1073.18164062  585.8237915 ]
    [1224.01550293  564.67681885]



1    [1158.53271484  576.88256836]
    [1177.87548828  700.75732422]
    [1028.30969238  726.34344482]
    [905.02679443 856.02252197]
    [979.43798828 978.56304932]
    [1319.03771973  676.60864258]
    [1332.9317627   842.52709961]
    [1363.65161133  622.61846924]
    [1145.29248047 1211.10375977]
    [1177.69055176 1603.45361328]
    [1206.57910156 1943.7520752 ]
    [1312.45373535 1166.09924316]
    [1340.87329102 1546.49194336]
    [1366.69311523 1876.6295166 ]
    [1126.74475098  560.51452637]
    [1181.61022949  553.08587646]
    [1078.17663574  582.78509521]
    [1227.74316406  562.67504883]



1    [1158.47619629  578.41558838]
    [1178.78808594  704.12915039]
    [1027.97338867  726.67492676]
    [867.28399658 872.15148926]
    [956.99194336 933.27758789]
    [1319.9942627   683.01989746]
    [1337.19116211  847.09698486]
    [1370.55334473  623.22869873]
    [1137.69909668 1231.34143066]
    [1169.75842285 1640.45825195]
    [1198.34020996 1997.33349609]
    [1307.93530273 1186.20922852]
    [1336.55651855 1580.55383301]
    [1362.42016602 1924.75463867]
    [1126.29333496  562.10827637]
    [1181.64831543  554.52740479]
    [1077.19140625  585.13378906]
    [1228.13342285  564.59796143]



1    [1156.73266602  579.05187988]
    [1177.99902344  703.7333374 ]
    [1027.45678711  726.35150146]
    [881.11181641 869.41522217]
    [959.79498291 960.93774414]
    [1320.37597656  682.34197998]
    [1331.26000977  849.76922607]
    [1365.03479004  625.08135986]
    [1138.37731934 1220.15649414]
    [1169.55310059 1620.22119141]
    [1197.4263916  1968.91088867]
    [1308.56091309 1178.34680176]
    [1336.26074219 1566.33703613]
    [1361.46228027 1904.67016602]
    [1125.47998047  562.62957764]
    [1180.4732666   555.38824463]
    [1078.10510254  584.94055176]
    [1228.05310059  565.39978027]



1    [1157.47717285  579.01043701]
    [1178.80834961  703.25079346]
    [1028.82141113  726.04138184]
    [892.77099609 863.38140869]
    [966.84161377 977.66003418]
    [1321.1439209   681.62286377]
    [1330.14562988  852.57421875]
    [1364.59375   625.434021]
    [1139.76794434 1213.89331055]
    [1170.11962891 1608.51672363]
    [1197.23205566 1951.72131348]
    [1309.21435547 1173.13330078]
    [1335.94885254 1556.69836426]
    [1360.29321289 1890.45483398]
    [1126.59667969  562.48455811]
    [1181.4564209   555.43737793]
    [1079.91381836  584.41296387]
    [1229.36535645  565.4473877 ]



1    [1160.01330566  578.96063232]
    [1179.01403809  703.93774414]
    [1028.4317627   725.72058105]
    [880.99066162 878.07336426]
    [964.18786621 961.12438965]
    [1320.6282959  683.4520874]
    [1334.63745117  852.69592285]
    [1370.36083984  624.04528809]
    [1135.46240234 1225.86328125]
    [1165.52648926 1629.82617188]
    [1192.33959961 1981.37731934]
    [1305.81591797 1183.0625    ]
    [1332.31420898 1573.52880859]
    [1356.33618164 1913.55126953]
    [1128.39135742  561.94787598]
    [1183.79211426  555.30926514]
    [1079.63085938  583.63702393]
    [1230.44042969  565.73583984]



1    [1161.40185547  575.5123291 ]
    [1179.27258301  700.48547363]
    [1029.22045898  721.2177124 ]
    [881.90777588 873.89190674]
    [959.25189209 898.1618042 ]
    [1320.99731445  680.90380859]
    [1332.9465332  836.1673584]
    [1363.51245117  617.96209717]
    [1140.21191406 1233.5826416 ]
    [1174.69250488 1654.42053223]
    [1204.28295898 2021.7791748 ]
    [1314.4720459  1191.75817871]
    [1346.72631836 1598.68981934]
    [1374.14367676 1954.15478516]
    [1129.59997559  559.00585938]
    [1184.82617188  552.1038208 ]
    [1080.69519043  581.57202148]
    [1231.03173828  562.94067383]



1    [1161.42675781  574.42669678]
    [1179.40258789  699.902771  ]
    [1029.33154297  721.52050781]
    [881.54443359 879.70135498]
    [958.72424316 848.29168701]
    [1320.51635742  679.57519531]
    [1336.76171875  831.17193604]
    [1363.88964844  612.64385986]
    [1146.1340332  1243.87597656]
    [1184.63171387 1679.81298828]
    [1216.02844238 2058.83764648]
    [1321.59216309 1198.86108398]
    [1358.78417969 1618.6953125 ]
    [1388.1315918  1984.13220215]
    [1129.0501709   558.24261475]
    [1184.35668945  550.99609375]
    [1079.22290039  581.70892334]
    [1229.84777832  562.08483887]



1    [1160.80151367  577.57720947]
    [1178.70458984  700.67687988]
    [1029.28686523  723.015625  ]
    [884.1114502  872.40405273]
    [957.61767578 898.86450195]
    [1320.46459961  679.48291016]
    [1330.84838867  833.78039551]
    [1358.72351074  618.20336914]
    [1145.88867188 1230.08972168]
    [1183.02185059 1648.97094727]
    [1216.14343262 2019.0859375 ]
    [1319.88598633 1187.8503418 ]
    [1354.98022461 1593.91564941]
    [1386.46557617 1952.75317383]
    [1129.43737793  560.25134277]
    [1184.61950684  554.34771729]
    [1080.31884766  581.15350342]
    [1230.49255371  565.24261475]



1    [1160.00097656  576.50054932]
    [1177.67822266  703.55114746]
    [1028.12927246  724.96252441]
    [892.56323242 870.20904541]
    [966.7086792  943.47180176]
    [1319.19787598  683.28930664]
    [1329.2434082   840.39630127]
    [1360.78771973  625.48120117]
    [1137.41564941 1230.69921875]
    [1170.75708008 1642.68664551]
    [1200.92944336 2005.15319824]
    [1310.80688477 1188.99816895]
    [1341.22265625 1588.12561035]
    [1369.2512207  1939.34350586]
    [1128.52612305  559.36810303]
    [1184.01208496  553.91448975]
    [1078.84228516  581.23657227]
    [1229.86975098  566.54656982]



1    [1158.76416016  577.62664795]
    [1177.45422363  704.24755859]
    [1029.07324219  727.07861328]
    [903.10424805 860.53771973]
    [975.19598389 970.18170166]
    [1317.94372559  682.63079834]
    [1327.85876465  845.45227051]
    [1360.64916992  629.31982422]
    [1137.86706543 1220.23596191]
    [1168.62963867 1618.59716797]
    [1196.23706055 1965.28955078]
    [1308.20861816 1177.91430664]
    [1335.22631836 1564.42150879]
    [1360.0020752  1900.96813965]
    [1126.99230957  560.9956665 ]
    [1182.28771973  554.2454834 ]
    [1078.01782227  583.49145508]
    [1228.55566406  565.26934814]



1    [1158.74609375  576.33929443]
    [1176.14111328  703.46435547]
    [1027.21728516  726.79144287]
    [894.63739014 871.77746582]
    [969.20947266 952.89642334]
    [1317.0501709  681.3927002]
    [1328.15014648  840.86169434]
    [1358.37915039  625.42279053]
    [1140.45471191 1226.88574219]
    [1174.04223633 1632.49865723]
    [1203.91381836 1986.04711914]
    [1312.39599609 1183.27026367]
    [1342.51525879 1576.44299316]
    [1369.67504883 1919.32458496]
    [1126.97766113  559.36883545]
    [1182.49645996  553.44024658]
    [1077.12792969  581.58459473]
    [1228.28894043  565.57989502]



1    [1156.43188477  579.2623291 ]
    [1174.15161133  707.53674316]
    [1024.43615723  729.9697876 ]
    [888.55078125 886.32446289]
    [960.47021484 918.48925781]
    [1315.92175293  686.29425049]
    [1326.41601562  841.65258789]
    [1354.90612793  626.71826172]
    [1139.42114258 1243.07373047]
    [1176.13793945 1663.69250488]
    [1208.13110352 2031.40551758]
    [1315.08520508 1199.59851074]
    [1349.23620605 1606.92529297]
    [1378.94799805 1963.21728516]
    [1124.77966309  562.06634521]
    [1180.41760254  556.7097168 ]
    [1074.64172363  584.36431885]
    [1226.22912598  569.90325928]



1    [1147.47839355  581.32653809]
    [1166.31518555  712.05163574]
    [1016.28546143  735.38525391]
    [885.35705566 889.64813232]
    [948.28216553 912.37561035]
    [1309.32214355  689.81030273]
    [1315.68701172  841.37854004]
    [1340.78259277  631.09075928]
    [1137.41906738 1252.60229492]
    [1177.13220215 1680.22460938]
    [1211.98083496 2056.45019531]
    [1316.39746094 1209.3515625 ]
    [1354.13244629 1624.76452637]
    [1387.19616699 1990.36437988]
    [1115.84423828  564.48095703]
    [1171.54980469  558.70166016]
    [1066.35644531  587.96112061]
    [1218.22106934  572.3527832 ]



1    [1135.00427246  583.5690918 ]
    [1160.15490723  713.43713379]
    [1010.84094238  735.99029541]
    [888.08111572 884.80065918]
    [939.81091309 909.8994751 ]
    [1304.0177002   691.70733643]
    [1303.33691406  837.34588623]
    [1326.06811523  633.05291748]
    [1134.00671387 1258.30273438]
    [1176.22290039 1694.44885254]
    [1212.33520508 2076.61938477]
    [1317.35058594 1218.29870605]
    [1358.64379883 1644.31652832]
    [1393.30078125 2017.82458496]
    [1103.88647461  567.37011719]
    [1159.65722656  560.12304688]
    [1057.2623291   591.70794678]
    [1209.30786133  572.20440674]



1    [1119.27539062  582.93560791]
    [1153.40368652  707.46826172]
    [1005.71069336  727.88995361]
    [921.05358887 873.99127197]
    [950.23510742 936.40026855]
    [1299.08300781  687.32507324]
    [1282.16772461  835.82543945]
    [1306.47314453  633.24633789]
    [1125.13085938 1232.76501465]
    [1165.04956055 1649.87219238]
    [1200.45788574 2018.63928223]
    [1309.09375    1203.09753418]
    [1347.81567383 1616.77172852]
    [1382.32556152 1982.49987793]
    [1088.64257812  567.34405518]
    [1144.12768555  557.59307861]
    [1046.21948242  591.45404053]
    [1196.88061523  565.32385254]



1    [1104.24865723  583.80395508]
    [1138.89697266  710.72497559]
    [993.88555908 729.32897949]
    [936.36584473 904.22015381]
    [951.20861816 925.40594482]
    [1282.2479248   692.33404541]
    [1260.67724609  839.53808594]
    [1285.08825684  633.03796387]
    [1108.04162598 1252.96838379]
    [1149.53515625 1690.38989258]
    [1184.77978516 2070.07275391]
    [1298.03710938 1224.73571777]
    [1339.69921875 1658.76062012]
    [1373.74987793 2035.72558594]
    [1074.1965332   567.81048584]
    [1130.58361816  558.63763428]
    [1032.98010254  592.16229248]
    [1185.56555176  567.75671387]



1    [1097.36108398  587.16680908]
    [1130.01953125  713.5378418 ]
    [987.35754395 734.16577148]
    [941.66290283 933.61254883]
    [955.98626709 860.81225586]
    [1268.63842773  693.49462891]
    [1258.44128418  836.58978271]
    [1279.17358398  628.83203125]
    [1105.94677734 1277.46569824]
    [1151.15734863 1739.27075195]
    [1187.04650879 2133.34448242]
    [1297.62561035 1239.07409668]
    [1343.92626953 1691.36303711]
    [1377.95007324 2077.99023438]
    [1066.6920166   569.89764404]
    [1124.07788086  561.9564209 ]
    [1023.13867188  592.89117432]
    [1177.97229004  571.79986572]



1    [1094.39880371  582.99523926]
    [1131.10290527  713.59552002]
    [989.28771973 734.08258057]
    [948.97589111 928.64898682]
    [971.60571289 915.81036377]
    [1268.58654785  693.73431396]
    [1381.87878418  858.06665039]
    [1353.42358398  674.38299561]
    [1108.73706055 1289.15942383]
    [1156.17321777 1767.97351074]
    [1193.34423828 2177.79516602]
    [1303.18017578 1249.0324707 ]
    [1352.95166016 1716.65686035]
    [1388.7635498  2117.66479492]
    [1063.76196289  567.35943604]
    [1121.0838623   558.30432129]
    [1021.50854492  593.7901001 ]
    [1175.98876953  569.78674316]
