2 Person(s) detected
0 th Person attributes:
 Confidence (64/100)
 Tracking ID: 0 tracking state: OFF / IDLE
 3D position: [-0.11897243559360504,-0.6684496402740479,-1.1459636688232422]
 Velocity: [nan,nan,nan]
 3D dimentions: [0.5013819336891174,1.5432052612304688,0.5013819932937622]
 2D mask available
 Keypoint 2D 
    [835.79724121 481.24584961]
    [859.20611572 657.89416504]
    [724.25140381 649.14337158]
    [727.46838379 872.75769043]
    [ 724.87402344 1088.31982422]
    [1003.14764404  667.22772217]
    [1055.0090332   913.36773682]
    [1107.82067871 1160.65148926]
    [ 769.76031494 1148.29431152]
    [ 774.27630615 1536.48913574]
    [ 777.03271484 1870.79260254]
    [ 945.50195312 1180.11352539]
    [ 946.21893311 1583.34094238]
    [ 946.09130859 1930.15966797]
    [823.81066895 446.9848938 ]
    [866.13562012 450.61154175]
    [803.58850098 465.25747681]
    [919.13037109 475.74871826]

 Keypoint 3D 
    [-0.14141771  0.0629663  -1.0693116 ]
    [-0.12590827 -0.1151031  -1.1343012 ]
    [-0.27340722 -0.10951088 -1.1708516 ]
    [-0.27366537 -0.35191694 -1.1867992 ]
    [-0.27707914 -0.5854636  -1.1894555 ]
    [ 0.0215907  -0.12069533 -1.097751  ]
    [ 0.07145044 -0.3568823  -1.07046   ]
    [ 0.12009162 -0.5841515  -1.0471038 ]
    [-0.23182617 -0.6593647  -1.2061788 ]
    [-0.23193207 -1.1085628  -1.2330303 ]
    [-0.23274393 -1.5080105  -1.254028  ]
    [-0.0378257  -0.66652846 -1.1580904 ]
    [-0.0379316 -1.1157265 -1.1849421]
    [-0.03874345 -1.5151742  -1.2059397 ]
    [-0.1558153   0.09796033 -1.0886091 ]
    [-0.11277466  0.09337138 -1.077017  ]
    [-0.1848949   0.08403679 -1.1449313 ]
    [-0.06294643  0.07103471 -1.112087  ]
1 th Person attributes:
 Confidence (50/100)
 Tracking ID: 1 tracking state: OFF / IDLE
 3D position: [0.894969642162323,-0.642458975315094,-1.5789854526519775]
 Velocity: [nan,nan,nan]
 3D dimentions: [0.5040265321731567,1.5106520652770996,0.5040266513824463]
 2D mask available
 Keypoint 2D 
    [1729.40002441  559.26702881]
    [1603.31213379  594.23516846]
    [1490.1973877   632.39044189]
    [1505.57287598  817.91607666]
    [1526.88720703  995.43151855]
    [1708.37353516  558.79638672]
    [1720.04821777  732.15509033]
    [1738.96069336  897.59985352]
    [1605.52307129  974.39807129]
    [1630.28808594 1266.8034668 ]
    [1653.19836426 1519.47753906]
    [1707.05932617  928.378479  ]
    [1729.18664551 1211.70153809]
    [1749.95080566 1456.71179199]
    [1710.2869873   535.32476807]
    [1728.68212891  515.58856201]
    [1613.52709961  517.99902344]
    [1666.6854248  465.7020874]

 Keypoint 3D 
    [ 0.9976097  -0.01754687 -1.4693341 ]
    [ 0.88281786 -0.06832091 -1.5639154 ]
    [ 0.6955681  -0.11796884 -1.5061864 ]
    [ 0.72596586 -0.3765005  -1.5258912 ]
    [ 0.75894916 -0.6252426  -1.5328771 ]
    [ 1.0700678  -0.01867297 -1.6216444 ]
    [ 1.1004657 -0.2772046 -1.6413492]
    [ 1.1334487  -0.52594674 -1.648335  ]
    [ 0.9094607  -0.62417245 -1.6054052 ]
    [ 0.9632205 -1.0699415 -1.6354028]
    [ 1.0118542 -1.4662495 -1.6593803]
    [ 1.0951773  -0.57698816 -1.6627029 ]
    [ 1.148937  -1.0227572 -1.6927005]
    [ 1.1975707 -1.4190651 -1.716678 ]
    [ 0.9554969   0.01414248 -1.4442152 ]
    [ 0.99409634  0.04060918 -1.4655665 ]
    [ 0.85292476  0.03793747 -1.48654   ]
    [ 0.9622897   0.11292644 -1.5470355 ]
2 Person(s) detected
0 th Person attributes:
 Confidence (64/100)
 Tracking ID: 0 tracking state: OK / IDLE
 3D position: [-0.1204603761434555,-0.6880353093147278,-1.1804753541946411]
 Velocity: [0.00422945199534297,0.0001293891982641071,-0.0005460718530230224]
 3D dimentions: [0.516374409198761,1.5886340141296387,0.5163746476173401]
 2D mask available
 Keypoint 2D 
    [832.96606445 485.61450195]
    [861.47320557 662.17279053]
    [729.53918457 653.29199219]
    [731.45654297 875.41052246]
    [ 728.22009277 1089.55517578]
    [1001.74859619  671.61499023]
    [1053.86242676  908.42730713]
    [1103.52526855 1141.72229004]
    [ 770.6574707  1142.67382812]
    [ 772.97064209 1524.98461914]
    [ 773.9239502  1855.49438477]
    [ 942.86083984 1173.38061523]
    [ 941.78552246 1569.91540527]
    [ 940.17047119 1912.36706543]
    [823.66033936 451.1661377 ]
    [865.69610596 457.57937622]
    [804.6496582  467.05657959]
    [920.37420654 485.55001831]

 Keypoint 3D 
    [-0.15009688  0.06114154 -1.1133028 ]
    [-0.12702484 -0.12284625 -1.165978  ]
    [-0.27484402 -0.11692259 -1.2017071 ]
    [-0.27609968 -0.36364016 -1.2164552 ]
    [-0.2802009  -0.60124874 -1.2187487 ]
    [ 0.02079433 -0.1287699  -1.130249  ]
    [ 0.0739355 -0.3700987 -1.1252395]
    [ 0.12340815 -0.6022702  -1.1138923 ]
    [-0.23581024 -0.6672637  -1.2321286 ]
    [-0.2378476 -1.1165951 -1.2565612]
    [-0.24033187 -1.5161381  -1.2755171 ]
    [-0.04155154 -0.67486596 -1.1851628 ]
    [-0.04358889 -1.1241974  -1.2095953 ]
    [-0.04607318 -1.5237404  -1.2285513 ]
    [-0.16239895  0.09769969 -1.1335258 ]
    [-0.11725886  0.08965901 -1.1155905 ]
    [-0.19112454  0.08544503 -1.1906098 ]
    [-0.06322764  0.06266307 -1.1397928 ]
1 th Person attributes:
 Confidence (48/100)
 Tracking ID: 1 tracking state: OK / IDLE
 3D position: [0.8835322856903076,-0.6409181356430054,-1.5585784912109375]
 Velocity: [-0.017406854778528214,-0.0005021982360631227,0.031058577820658684]
 3D dimentions: [0.5018432140350342,1.5046330690383911,0.5018432140350342]
 2D mask available
 Keypoint 2D 
    [1729.08239746  545.73553467]
    [1603.12231445  594.23803711]
    [1488.00476074  633.34246826]
    [1507.91516113  821.50878906]
    [1531.03918457 1001.40057373]
    [1710.23779297  557.85198975]
    [1726.85046387  733.70562744]
    [1747.57824707  901.57086182]
    [1617.6184082   984.09729004]
    [1649.7409668  1287.00280762]
    [1679.38195801 1551.3482666 ]
    [1722.06469727  936.44134521]
    [1751.76733398 1229.76306152]
    [1779.44140625 1485.84606934]
    [1709.13330078  521.00427246]
    [1713.94384766  507.47781372]
    [1614.82214355  512.31665039]
    [1632.53161621  476.4203186 ]

 Keypoint 3D 
    [ 1.0033067e+00  5.0518638e-04 -1.4783530e+00]
    [ 0.8713412  -0.06745744 -1.5440559 ]
    [ 0.684418   -0.11786661 -1.4884574 ]
    [ 0.71800333 -0.37561414 -1.5024397 ]
    [ 0.75252545 -0.6234403  -1.5084198 ]
    [ 1.0582645  -0.01704827 -1.5996546 ]
    [ 1.0918499  -0.27479574 -1.6136371 ]
    [ 1.1263719 -0.5226219 -1.6196171]
    [ 0.90617406 -0.62390834 -1.5691893 ]
    [ 0.9647292 -1.0695834 -1.5902835]
    [ 1.017619  -1.4657507 -1.6062238]
    [ 1.0921936  -0.57564837 -1.6245762 ]
    [ 1.1507488 -1.0213234 -1.6456703]
    [ 1.2036387 -1.4174906 -1.6616105]
    [ 0.96416456  0.0332686  -1.4596268 ]
    [ 0.9892264   0.05217731 -1.4877318 ]
    [ 0.8563647   0.04569601 -1.4894832 ]
    [ 0.92737335  0.09927069 -1.5691139 ]
2 Person(s) detected
0 th Person attributes:
 Confidence (63/100)
 Tracking ID: 0 tracking state: OK / IDLE
 3D position: [-0.11633087694644928,-0.6707355976104736,-1.1741148233413696]
 Velocity: [0.0051946816965937614,8.022762631298974e-05,-0.06569251418113708]
 3D dimentions: [0.5035833716392517,1.548221230506897,0.503583550453186]
 2D mask available
 Keypoint 2D 
    [833.99023438 496.17666626]
    [865.34350586 661.61328125]
    [733.53344727 651.86035156]
    [738.33972168 873.22174072]
    [ 735.39416504 1087.51086426]
    [1005.87445068  672.01153564]
    [1056.61254883  906.95562744]
    [1102.05871582 1140.20056152]
    [ 781.38641357 1130.37963867]
    [ 788.1473999  1500.70874023]
    [ 792.70147705 1817.6875    ]
    [ 950.87335205 1161.99353027]
    [ 953.39251709 1546.16516113]
    [ 954.72381592 1874.51855469]
    [823.58203125 454.02633667]
    [868.22631836 465.54293823]
    [800.10638428 459.20303345]
    [921.91516113 490.97122192]

 Keypoint 3D 
    [-0.14275776  0.04833262 -1.0662196 ]
    [-0.12221064 -0.1215404  -1.1591715 ]
    [-0.26926738 -0.1148408  -1.1962905 ]
    [-0.26852724 -0.36126155 -1.2165844 ]
    [-0.27225554 -0.598969   -1.2187116 ]
    [ 0.02484613 -0.12823997 -1.1220524 ]
    [ 0.07700224 -0.3698323  -1.1290153 ]
    [ 0.12237521 -0.60294884 -1.1180038 ]
    [-0.22711475 -0.6631628  -1.2503234 ]
    [-0.22520487 -1.1119585  -1.2831657 ]
    [-0.22434302 -1.5111166  -1.3090912 ]
    [-0.03338174 -0.6716849  -1.2013856 ]
    [-0.03147186 -1.1204807  -1.2342278 ]
    [-0.03060999 -1.5196388  -1.2601534 ]
    [-0.15434398  0.09001194 -1.0767685 ]
    [-0.10947663  0.0778808  -1.0648204 ]
    [-0.18656425  0.08939521 -1.1330892 ]
    [-0.05944013  0.05502365 -1.0992361 ]
1 th Person attributes:
 Confidence (48/100)
 Tracking ID: 1 tracking state: OK / IDLE
 3D position: [0.8836781978607178,-0.6446540951728821,-1.569427728652954]
 Velocity: [-0.016860956326127052,-0.0005195792182348669,-0.002734149107709527]
 3D dimentions: [0.5045891404151917,1.5127454996109009,0.5045892000198364]
 2D mask available
 Keypoint 2D 
    [1722.90356445  552.65228271]
    [1600.27539062  594.84057617]
    [1491.50793457  634.73077393]
    [1522.77758789  839.52197266]
    [1551.42248535 1036.14746094]
    [1699.35083008  558.50500488]
    [1714.23742676  743.11730957]
    [1731.45922852  918.07086182]
    [1608.15026855  982.02246094]
    [1634.33728027 1280.59313965]
    [1658.89892578 1539.58105469]
    [1702.43078613  932.10473633]
    [1726.01550293 1218.94787598]
    [1748.43481445 1467.96154785]
    [1705.6784668   526.97467041]
    [1709.58288574  514.00701904]
    [1613.3302002   514.47088623]
    [1628.77539062  480.23220825]

 Keypoint 3D 
    [ 1.0018231  -0.00883741 -1.4884689 ]
    [ 0.8706891 -0.0685649 -1.5499989]
    [ 0.68418056 -0.11887872 -1.4777207 ]
    [ 0.72545964 -0.3932363  -1.4763615 ]
    [ 0.7643241 -0.6571665 -1.4772772]
    [ 1.0571977  -0.01825105 -1.622277  ]
    [ 1.0904492  -0.29317322 -1.6393071 ]
    [ 1.124171  -0.557544  -1.6511947]
    [ 0.89871204 -0.625144   -1.5797807 ]
    [ 0.9521195 -1.0711619 -1.6065288]
    [ 1.0007463 -1.467649  -1.6273535]
    [ 1.0799552 -0.5782031 -1.6501191]
    [ 1.1333628 -1.0242211 -1.6768669]
    [ 1.1819893 -1.420708  -1.6976918]
    [ 0.9648507   0.02549669 -1.467634  ]
    [ 0.989701    0.04363997 -1.4973606 ]
    [ 0.855701    0.04285096 -1.4918437 ]
    [ 0.92610997  0.09425693 -1.5760694 ]
2 Person(s) detected
0 th Person attributes:
 Confidence (65/100)
 Tracking ID: 0 tracking state: OK / IDLE
 3D position: [-0.11622615158557892,-0.6834092140197754,-1.1508629322052002]
 Velocity: [0.005274730734527111,0.0003013076784554869,0.12117606401443481]
 3D dimentions: [0.513375461101532,1.5780318975448608,0.5133754014968872]
 2D mask available
 Keypoint 2D 
    [836.72058105 476.93734741]
    [862.65948486 662.6463623 ]
    [720.91082764 653.05871582]
    [718.26080322 885.07104492]
    [ 712.27264404 1109.13366699]
    [1007.6751709   672.45501709]
    [1059.42895508  909.64141846]
    [1109.5098877  1138.79504395]
    [ 748.03808594 1162.40881348]
    [ 742.59039307 1562.8248291 ]
    [ 737.13842773 1910.85510254]
    [ 932.16833496 1182.09741211]
    [ 923.53515625 1587.99951172]
    [ 915.73345947 1940.70739746]
    [825.69360352 440.39071655]
    [870.49914551 447.05114746]
    [801.90979004 457.8772583 ]
    [924.03125   476.6583252]

 Keypoint 3D 
    [-0.14170082  0.06771217 -1.0782866 ]
    [-0.12313443 -0.12076351 -1.1415517 ]
    [-0.2731036  -0.11209054 -1.1545571 ]
    [-0.2788721 -0.3591135 -1.1670744]
    [-0.28541455 -0.5969137  -1.167886  ]
    [ 0.02683469 -0.1294365  -1.1285464 ]
    [ 0.07957567 -0.37112442 -1.1245892 ]
    [ 0.13036734 -0.6035125  -1.1217028 ]
    [-0.25123608 -0.66326916 -1.1855338 ]
    [-0.26144648 -1.1127065  -1.2055811 ]
    [-0.2707641 -1.5123125 -1.2206881]
    [-0.052299  -0.6744891 -1.1682663]
    [-0.06250939 -1.1239264  -1.1883136 ]
    [-0.07182701 -1.5235323  -1.2034206 ]
    [-0.15532024  0.1054037  -1.0982661 ]
    [-0.10945761  0.09769961 -1.0864383 ]
    [-0.18850479  0.09262393 -1.1563725 ]
    [-0.05856062  0.07079565 -1.1228603 ]
1 th Person attributes:
 Confidence (48/100)
 Tracking ID: 1 tracking state: OK / IDLE
 3D position: [0.8758599758148193,-0.641482412815094,-1.5585983991622925]
 Velocity: [-0.00982467457652092,-0.0003045839548576623,-0.002021367195993662]
 3D dimentions: [0.5009159445762634,1.5020664930343628,0.500916063785553]
 2D mask available
 Keypoint 2D 
    [1724.44555664  553.11303711]
    [1600.26977539  594.5144043 ]
    [1484.78112793  633.93151855]
    [1508.57116699  828.17346191]
    [1530.3380127  1014.43243408]
    [1707.79748535  557.8145752 ]
    [1725.56774902  736.43475342]
    [1746.64807129  906.70721436]
    [1616.98742676  984.56420898]
    [1650.27954102 1287.44909668]
    [1680.85620117 1551.69213867]
    [1721.77087402  936.79180908]
    [1752.60559082 1230.17651367]
    [1781.17993164 1486.23596191]
    [1706.26989746  527.37200928]
    [1710.17651367  515.38781738]
    [1613.85253906  514.60980225]
    [1628.8248291   482.93893433]

 Keypoint 3D 
    [ 1.0019958  -0.00944199 -1.4856356 ]
    [ 0.8680741 -0.067902  -1.5453576]
    [ 0.68085486 -0.11880081 -1.4901923 ]
    [ 0.71294546 -0.38151872 -1.4899995 ]
    [ 0.743253   -0.63419265 -1.4917365 ]
    [ 1.0552934 -0.0170032 -1.600523 ]
    [ 1.0905522  -0.27894226 -1.6144979 ]
    [ 1.1263441  -0.53080523 -1.6215463 ]
    [ 0.9048108  -0.62425303 -1.5683839 ]
    [ 0.9650344 -1.0697044 -1.5895056]
    [ 1.0193647 -1.4656712 -1.6055874]
    [ 1.0908983 -0.5757101 -1.6232932]
    [ 1.151122  -1.0211613 -1.6444148]
    [ 1.2054523 -1.417128  -1.6604966]
    [ 0.9653213   0.02495913 -1.4671515 ]
    [ 0.9881793   0.04166484 -1.4938406 ]
    [ 0.8585036   0.04276718 -1.495493  ]
    [ 0.9232678   0.09010004 -1.5711124 ]
2 Person(s) detected
0 th Person attributes:
 Confidence (64/100)
 Tracking ID: 0 tracking state: OK / IDLE
 3D position: [-0.11543673276901245,-0.6909844279289246,-1.167341709136963]
 Velocity: [0.0072549013420939445,0.00026401851209811866,0.026065407320857048]
 3D dimentions: [0.5193872451782227,1.596221685409546,0.5193873047828674]
 2D mask available
 Keypoint 2D 
    [836.80267334 476.22195435]
    [865.51885986 662.2946167 ]
    [728.01025391 652.53210449]
    [724.90447998 880.87335205]
    [ 718.87927246 1100.91540527]
    [1007.76574707  672.39361572]
    [1059.28039551  908.33215332]
    [1109.30151367 1137.79394531]
    [ 754.34997559 1156.1697998 ]
    [ 748.25463867 1553.62329102]
    [ 742.15808105 1900.32214355]
    [ 934.9342041  1179.89453125]
    [ 926.02740479 1585.68054199]
    [ 917.8694458  1939.52453613]
    [826.45727539 442.4788208 ]
    [869.24407959 446.67529297]
    [806.81335449 463.12771606]
    [923.93511963 475.43615723]

 Keypoint 3D 
    [-0.14530043  0.07019015 -1.1063057 ]
    [-0.12186205 -0.12209296 -1.157613  ]
    [-0.27087736 -0.11372792 -1.1772196 ]
    [-0.27671376 -0.36103377 -1.1880277 ]
    [-0.28353116 -0.59901965 -1.1893673 ]
    [ 0.02715324 -0.13045803 -1.1380064 ]
    [ 0.07996409 -0.37230262 -1.1322374 ]
    [ 0.13066387 -0.6048478  -1.1260865 ]
    [-0.24764709 -0.66516    -1.2010725 ]
    [-0.25803825 -1.1146921  -1.2187624 ]
    [-0.2676268 -1.5143629 -1.2318505]
    [-0.04965067 -0.6760338  -1.1750116 ]
    [-0.06004183 -1.1255658  -1.1927016 ]
    [-0.06963038 -1.5252366  -1.2057897 ]
    [-0.15888198  0.1062119  -1.1289858 ]
    [-0.1135311   0.10058253 -1.114269  ]
    [-0.18838     0.08949854 -1.1880491 ]
    [-0.05988586  0.07354865 -1.1463522 ]
1 th Person attributes:
 Confidence (50/100)
 Tracking ID: 1 tracking state: OK / IDLE
 3D position: [0.8902318477630615,-0.6514747738838196,-1.5841950178146362]
 Velocity: [-0.003374661784619093,-0.00010981797095155343,-0.0028753604274243116]
 3D dimentions: [0.5088842511177063,1.525266170501709,0.5088841915130615]
 2D mask available
 Keypoint 2D 
    [1721.56689453  569.19451904]
    [1601.08496094  594.99926758]
    [1489.47399902  634.74969482]
    [1523.82324219  838.6585083 ]
    [1555.62475586 1036.10070801]
    [1703.13378906  558.65447998]
    [1717.59912109  741.97155762]
    [1738.69433594  916.79467773]
    [1606.23303223  975.46166992]
    [1633.18493652 1269.07836914]
    [1658.37561035 1523.91796875]
    [1701.34094238  927.57342529]
    [1725.73706055 1210.36242676]
    [1748.83178711 1455.98059082]
    [1703.52050781  544.29248047]
    [1718.88061523  527.59613037]
    [1609.89782715  522.55883789]
    [1654.48815918  478.38442993]

 Keypoint 3D 
    [ 0.9973967  -0.03110782 -1.4845688 ]
    [ 0.8851016  -0.06983539 -1.5735973 ]
    [ 0.69318914 -0.12095205 -1.5031723 ]
    [ 0.7361729  -0.39710188 -1.4952749 ]
    [ 0.7766571  -0.66281956 -1.4901271 ]
    [ 1.0770142  -0.01871875 -1.6440223 ]
    [ 1.1110128  -0.29560846 -1.6625936 ]
    [ 1.1476892  -0.56183517 -1.6696315 ]
    [ 0.91131616 -0.62628675 -1.6068528 ]
    [ 0.96642375 -1.0721014  -1.6335479 ]
    [ 1.0165184 -1.4684101 -1.6542788]
    [ 1.0938753 -0.5796569 -1.6739187]
    [ 1.1489829 -1.0254714 -1.7006139]
    [ 1.1990775 -1.4217803 -1.7213447]
    [ 0.9581245  0.0024144 -1.4617583]
    [ 0.99131876  0.02489169 -1.4808974 ]
    [ 0.8585499   0.03217858 -1.5049857 ]
    [ 0.9526002   0.09586424 -1.5592134 ]
2 Person(s) detected
0 th Person attributes:
 Confidence (65/100)
 Tracking ID: 0 tracking state: OK / IDLE
 3D position: [-0.11441877484321594,-0.6840344667434692,-1.1714460849761963]
 Velocity: [0.004249832592904568,8.274389983853325e-05,-0.036924853920936584]
 3D dimentions: [0.5142598152160645,1.5803853273391724,0.5142598152160645]
 2D mask available
 Keypoint 2D 
    [838.01373291 480.36099243]
    [867.16607666 662.87310791]
    [733.93707275 653.36364746]
    [733.46374512 878.65032959]
    [ 728.89654541 1095.75390625]
    [1007.5267334   672.89154053]
    [1059.39172363  911.79907227]
    [1110.0144043  1146.03430176]
    [ 767.53131104 1148.70861816]
    [ 766.00201416 1537.75842285]
    [ 763.69458008 1875.67456055]
    [ 943.1328125  1177.87585449]
    [ 938.4619751  1579.46191406]
    [ 933.81231689 1928.01586914]
    [829.41876221 444.82913208]
    [871.2855835  451.45742798]
    [810.73034668 461.61361694]
    [925.56390381 480.59542847]

 Keypoint 3D 
    [-0.14390346  0.06595051 -1.1049184 ]
    [-0.12041228 -0.12298813 -1.1603233 ]
    [-0.2675434  -0.11591633 -1.1905692 ]
    [-0.2709376  -0.36326852 -1.2033724 ]
    [-0.2763606 -0.6013787 -1.2052641]
    [ 0.02671885 -0.13005991 -1.1300775 ]
    [ 0.07924235 -0.37194106 -1.120414  ]
    [ 0.12951797 -0.60452175 -1.1100203 ]
    [-0.23672418 -0.66673934 -1.2188308 ]
    [-0.24254599 -1.1162063  -1.2399429 ]
    [-0.24830106 -1.5158459  -1.2559152 ]
    [-0.04103008 -0.67593277 -1.17859   ]
    [-0.04685191 -1.1253997  -1.1997023 ]
    [-0.05260697 -1.5250393  -1.2156744 ]
    [-0.15537165  0.10348655 -1.1255434 ]
    [-0.11096208  0.09531244 -1.1092316 ]
    [-0.18360984  0.09086148 -1.1845291 ]
    [-0.05778271  0.0677015  -1.1383123 ]
1 th Person attributes:
 Confidence (47/100)
 Tracking ID: 1 tracking state: OK / IDLE
 3D position: [0.8830846548080444,-0.6459556818008423,-1.570789098739624]
 Velocity: [-0.00010972139716614038,-7.018146789050661e-06,-0.002613313728943467]
 3D dimentions: [0.5044028759002686,1.5119714736938477,0.5044029951095581]
 2D mask available
 Keypoint 2D 
    [1724.15869141  556.20245361]
    [1599.98510742  595.2399292 ]
    [1489.20910645  636.17730713]
    [1512.44091797  843.75183105]
    [1533.74121094 1044.60546875]
    [1700.75036621  558.00201416]
    [1714.19165039  742.78491211]
    [1733.08544922  918.68200684]
    [1607.578125    980.17822266]
    [1632.984375   1277.90991211]
    [1656.71118164 1536.39379883]
    [1701.45837402  930.37109375]
    [1724.38232422 1216.45825195]
    [1746.05810547 1465.02502441]
    [1707.77172852  530.50286865]
    [1716.74572754  514.86212158]
    [1613.57617188  515.0098877 ]
    [1642.17565918  473.6859436 ]

 Keypoint 3D 
    [ 0.9982848  -0.01356334 -1.4807051 ]
    [ 0.8741766  -0.06943615 -1.5569375 ]
    [ 0.6836491  -0.12127192 -1.4832581 ]
    [ 0.7116279  -0.39891744 -1.4764068 ]
    [ 0.73782665 -0.66599447 -1.4717201 ]
    [ 1.0647041  -0.01760037 -1.6306169 ]
    [ 1.0965432  -0.29433256 -1.6485716 ]
    [ 1.1305845  -0.56043077 -1.6570215 ]
    [ 0.9027918  -0.62589645 -1.5884024 ]
    [ 0.95453733 -1.0721806  -1.6139526 ]
    [ 1.001578  -1.4688997 -1.6339827]
    [ 1.0840046 -0.5785448 -1.6585435]
    [ 1.1357502 -1.0248289 -1.6840936]
    [ 1.1827908 -1.4215479 -1.7041237]
    [ 0.96048135  0.0206422  -1.4567766 ]
    [ 0.9898085   0.04206834 -1.4829346 ]
    [ 0.85404915  0.04202332 -1.4883839 ]
    [ 0.93714267  0.10273069 -1.5624985 ]
2 Person(s) detected
0 th Person attributes:
 Confidence (64/100)
 Tracking ID: 0 tracking state: OK / IDLE
 3D position: [-0.1079142689704895,-0.6842913031578064,-1.1808854341506958]
 Velocity: [0.017205048352479935,0.0005005998536944389,-0.030001310631632805]
 3D dimentions: [0.51496422290802,1.5817137956619263,0.51496422290802]
 2D mask available
 Keypoint 2D 
    [837.42175293 486.14779663]
    [873.95513916 663.73529053]
    [746.00909424 654.61999512]
    [750.11279297 875.74798584]
    [ 747.89892578 1088.95727539]
    [1011.35888672  673.52429199]
    [1059.55493164  910.32781982]
    [1102.43310547 1145.72509766]
    [ 790.85961914 1137.34692383]
    [ 796.77838135 1512.65405273]
    [ 800.67541504 1835.53479004]
    [ 959.86779785 1171.50415039]
    [ 962.10070801 1563.06164551]
    [ 963.19110107 1899.43713379]
    [830.77069092 448.7802124 ]
    [870.81530762 457.2805481 ]
    [816.06536865 461.72647095]
    [926.32409668 485.92001343]

 Keypoint 3D 
    [-0.14378606  0.05985013 -1.0994798 ]
    [-0.11361147 -0.12427949 -1.1639119 ]
    [-0.2576656  -0.11873474 -1.2053965 ]
    [-0.2568183  -0.36589426 -1.2227424 ]
    [-0.2599372 -0.6040927 -1.2258619]
    [ 0.03044266 -0.12982422 -1.1224275 ]
    [ 0.0798647  -0.37257367 -1.1268535 ]
    [ 0.12237392 -0.60666585 -1.1145318 ]
    [-0.21539801 -0.6680799  -1.2447506 ]
    [-0.21348846 -1.1171725  -1.2732496 ]
    [-0.2126542 -1.5165461 -1.2956102]
    [-0.02333765 -0.67526555 -1.1894225 ]
    [-0.02142811 -1.1243582  -1.2179215 ]
    [-0.02059384 -1.5237318  -1.240282  ]
    [-0.1529609   0.09878471 -1.1180192 ]
    [-0.1103636   0.08858829 -1.0985601 ]
    [-0.17692791  0.09025795 -1.1782346 ]
    [-0.05623555  0.06136813 -1.1231005 ]
1 th Person attributes:
 Confidence (46/100)
 Tracking ID: 1 tracking state: OK / IDLE
 3D position: [0.8793467283248901,-0.6433814167976379,-1.5634156465530396]
 Velocity: [0.001849433989264071,5.445022907224484e-05,-0.00268020061776042]
 3D dimentions: [0.5017839670181274,1.5046110153198242,0.5017839670181274]
 2D mask available
 Keypoint 2D 
    [1725.53137207  549.12072754]
    [1600.50244141  594.51867676]
    [1484.59350586  634.64147949]
    [1499.2557373   837.98846436]
    [1512.68261719 1034.36523438]
    [1707.39904785  557.51556396]
    [1722.53112793  741.14526367]
    [1741.19946289  915.95141602]
    [1611.10473633  982.05957031]
    [1638.65979004 1282.93383789]
    [1664.24572754 1544.96569824]
    [1711.98657227  933.97961426]
    [1737.15771484 1224.56762695]
    [1760.79443359 1477.77661133]
    [1708.98205566  522.9342041 ]
    [1714.0090332   509.07583618]
    [1615.72033691  510.67541504]
    [1634.30175781  474.08282471]

 Keypoint 3D 
    [ 1.0024269  -0.00405366 -1.484106  ]
    [ 0.870765   -0.06809285 -1.5495653 ]
    [ 0.67909193 -0.11949566 -1.4868877 ]
    [ 0.69663924 -0.39270547 -1.4821148 ]
    [ 0.71310705 -0.65545225 -1.4788021 ]
    [ 1.0624379  -0.01669006 -1.6122429 ]
    [ 1.0948547  -0.28814974 -1.6275092 ]
    [ 1.1281363 -0.54919   -1.6357745]
    [ 0.90206134 -0.6245824  -1.5782274 ]
    [ 0.9551136 -1.0708644 -1.6009805]
    [ 1.0031615 -1.4675813 -1.6185061]
    [ 1.0866727 -0.5769779 -1.6386634]
    [ 1.139725  -1.0232599 -1.6614165]
    [ 1.1877728 -1.4199767 -1.6789421]
    [ 0.9652198   0.03075137 -1.4615282 ]
    [ 0.9919304   0.05015137 -1.4916657 ]
    [ 0.85593325  0.04782321 -1.4866245 ]
    [ 0.93161345  0.10278989 -1.5720141 ]
2 Person(s) detected
0 th Person attributes:
 Confidence (64/100)
 Tracking ID: 0 tracking state: OK / IDLE
 3D position: [-0.10978149622678757,-0.6915326714515686,-1.197580337524414]
 Velocity: [0.007084803655743599,0.0001994871417991817,-0.02083195000886917]
 3D dimentions: [0.5208290219306946,1.5983229875564575,0.5208290815353394]
 2D mask available
 Keypoint 2D 
    [835.83843994 488.69723511]
    [870.5022583  663.24371338]
    [747.77191162 654.35089111]
    [754.47790527 872.06121826]
    [ 753.85778809 1081.73730469]
    [1004.11309814  672.92486572]
    [1052.2878418   906.37011719]
    [1090.89880371 1140.2947998 ]
    [ 798.74163818 1127.25549316]
    [ 808.75262451 1493.49377441]
    [ 816.02600098 1807.42834473]
    [ 961.39196777 1164.81420898]
    [ 967.79486084 1549.82946777]
    [ 972.28918457 1879.2232666 ]
    [830.76873779 450.49874878]
    [869.52264404 461.3369751 ]
    [816.84411621 460.36581421]
    [923.74261475 490.96759033]

 Keypoint 3D 
    [-0.14694972  0.05792969 -1.1114559 ]
    [-0.11868718 -0.12526664 -1.1780807 ]
    [-0.2605502 -0.1206696 -1.2280849]
    [-0.25702345 -0.36905357 -1.2472502 ]
    [-0.25862458 -0.6085733  -1.2516009 ]
    [ 0.02317581 -0.12986372 -1.1280762 ]
    [ 0.07340749 -0.37349436 -1.1420478 ]
    [ 0.11225384 -0.6095881  -1.1301352 ]
    [-0.21046133 -0.6693014  -1.2686808 ]
    [-0.20386443 -1.1181519  -1.3001392 ]
    [-0.19904009 -1.5173386  -1.325173  ]
    [-0.02192503 -0.6752214  -1.2022052 ]
    [-0.01532813 -1.124072   -1.2336634 ]
    [-0.01050379 -1.5232586  -1.2586973 ]
    [-0.1543721   0.09793454 -1.1283194 ]
    [-0.11259787  0.08525867 -1.10786   ]
    [-0.17761071  0.09250273 -1.1883764 ]
    [-0.05925043  0.05658774 -1.1304078 ]
1 th Person attributes:
 Confidence (47/100)
 Tracking ID: 1 tracking state: OK / IDLE
 3D position: [0.8921086192131042,-0.6454737186431885,-1.5706002712249756]
 Velocity: [0.02399333566427231,0.0007401756010949612,-0.0049070799723267555]
 3D dimentions: [0.5035783052444458,1.5100756883621216,0.5035784244537354]
 2D mask available
 Keypoint 2D 
    [1729.26220703  562.3894043 ]
    [1607.71716309  595.14477539]
    [1493.68408203  633.44628906]
    [1505.5847168   832.41638184]
    [1516.43933105 1023.6305542 ]
    [1712.98681641  559.78668213]
    [1726.69458008  740.09228516]
    [1745.19348145  911.91790771]
    [1611.94726562  979.23736572]
    [1637.7142334 1276.7175293]
    [1661.82971191 1535.42175293]
    [1712.0814209   932.62811279]
    [1735.44677734 1220.04370117]
    [1757.60693359 1470.13830566]
    [1709.0411377   537.46990967]
    [1724.30517578  520.36114502]
    [1612.85449219  519.39916992]
    [1657.64929199  474.24404907]

 Keypoint 3D 
    [ 0.9995555  -0.02175802 -1.4724716 ]
    [ 0.8863637 -0.0694003 -1.5591521]
    [ 0.69599414 -0.11867224 -1.4968497 ]
    [ 0.7117772  -0.38882625 -1.4960345 ]
    [ 0.7266285  -0.64860964 -1.4962604 ]
    [ 1.0767331  -0.02012836 -1.6214547 ]
    [ 1.1080364 -0.288424  -1.6379018]
    [ 1.1408365 -0.5464429 -1.6455386]
    [ 0.9112655  -0.62603307 -1.5922003 ]
    [ 0.96318656 -1.072348   -1.6168392 ]
    [ 1.0103058 -1.469109  -1.635821 ]
    [ 1.0961996  -0.57993305 -1.6528151 ]
    [ 1.1481209 -1.0262482 -1.6774539]
    [ 1.1952401 -1.4230093 -1.6964358]
    [ 0.9587808   0.01138852 -1.4516604 ]
    [ 0.9937723   0.03445024 -1.4737215 ]
    [ 0.8566052   0.03624213 -1.4945447 ]
    [ 0.9557475   0.10158367 -1.5570515 ]
2 Person(s) detected
0 th Person attributes:
 Confidence (64/100)
 Tracking ID: 0 tracking state: OK / IDLE
 3D position: [-0.11035996675491333,-0.6897414922714233,-1.1938226222991943]
 Velocity: [0.0010905402014032006,3.240967635065317e-05,-0.0018345295684412122]
 3D dimentions: [0.5197818875312805,1.5941044092178345,0.5197818875312805]
 2D mask available
 Keypoint 2D 
    [836.54406738 487.14892578]
    [870.190979   663.20062256]
    [747.07165527 654.25531006]
    [753.17376709 873.09973145]
    [ 752.35449219 1083.76184082]
    [1004.24005127  672.94006348]
    [1052.40942383  907.09606934]
    [1091.05322266 1141.42016602]
    [ 796.1227417  1130.90063477]
    [ 805.21716309 1500.46655273]
    [ 811.75140381 1817.71618652]
    [ 959.753479  1168.9128418]
    [ 965.32806396 1557.57543945]
    [ 969.14910889 1890.59851074]
    [829.09844971 450.19848633]
    [868.88568115 457.89300537]
    [815.38226318 463.10321045]
    [925.32647705 485.2097168 ]

 Keypoint 3D 
    [-0.1465374   0.05961381 -1.113733  ]
    [-0.11864708 -0.12482819 -1.1743888 ]
    [-0.2605256  -0.12019149 -1.2243005 ]
    [-0.25751844 -0.36882353 -1.2425138 ]
    [-0.25932392 -0.60850656 -1.2467513 ]
    [ 0.02323142 -0.12946488 -1.1244769 ]
    [ 0.07333963 -0.3732596  -1.1390347 ]
    [ 0.112194  -0.6095569 -1.127941 ]
    [-0.2121343  -0.66926193 -1.2606983 ]
    [-0.20653056 -1.1182241  -1.2907233 ]
    [-0.20255078 -1.5174918  -1.3145844 ]
    [-0.02355804 -0.6752487  -1.1943419 ]
    [-0.01795431 -1.1242108  -1.224367  ]
    [-0.01397453 -1.5234785  -1.2482281 ]
    [-0.15661886  0.09857941 -1.1321934 ]
    [-0.11351178  0.08893636 -1.110533  ]
    [-0.1797929   0.08985206 -1.1923897 ]
    [-0.05765619  0.06253009 -1.1310184 ]
1 th Person attributes:
 Confidence (49/100)
 Tracking ID: 1 tracking state: OK / IDLE
 3D position: [0.8903293609619141,-0.644037663936615,-1.566758155822754]
 Velocity: [0.012526574544608593,0.0003869282372761518,-0.004522726405411959]
 3D dimentions: [0.5020589232444763,1.5060155391693115,0.5020589232444763]
 2D mask available
 Keypoint 2D 
    [1725.35046387  552.70251465]
    [1604.05615234  595.22631836]
    [1490.80651855  635.30200195]
    [1504.31103516  835.43365479]
    [1516.62878418 1028.04125977]
    [1708.2779541   558.34527588]
    [1722.70593262  739.07897949]
    [1741.15063477  911.18243408]
    [1614.6394043   981.83276367]
    [1641.69250488 1281.76086426]
    [1666.80810547 1542.75439453]
    [1713.67468262  933.20782471]
    [1738.32446289 1222.5559082 ]
    [1761.46765137 1474.49255371]
    [1706.36462402  527.35809326]
    [1715.11608887  511.79373169]
    [1610.37353516  514.07037354]
    [1638.80419922  473.02172852]

 Keypoint 3D 
    [ 1.0003039  -0.00886253 -1.4813229 ]
    [ 0.8775065  -0.06922571 -1.5526487 ]
    [ 0.6880822  -0.12049302 -1.4881943 ]
    [ 0.7053441  -0.39032122 -1.4861248 ]
    [ 0.72155726 -0.6498019  -1.4852917 ]
    [ 1.0669308  -0.01795842 -1.6171031 ]
    [ 1.0986594  -0.28602007 -1.6327797 ]
    [ 1.1315655 -0.5437911 -1.6408523]
    [ 0.90915847 -0.6256566  -1.5817647 ]
    [ 0.9620082 -1.071931  -1.6051303]
    [ 1.0098888 -1.4686407 -1.6232681]
    [ 1.0929859 -0.57784   -1.6443835]
    [ 1.1458354 -1.0241144 -1.667749 ]
    [ 1.193716  -1.4208242 -1.6858866]
    [ 0.9605602   0.02485126 -1.4597242 ]
    [ 0.9912736   0.04637016 -1.4884286 ]
    [ 0.8514305   0.04337981 -1.4913768 ]
    [ 0.93845177  0.10435005 -1.5727061 ]
2 Person(s) detected
0 th Person attributes:
 Confidence (64/100)
 Tracking ID: 0 tracking state: OK / IDLE
 3D position: [-0.11499455571174622,-0.689325749874115,-1.1917084455490112]
 Velocity: [-0.010206349194049835,-0.0003101803595200181,0.004750281572341919]
 3D dimentions: [0.5196499228477478,1.5929194688796997,0.5196499228477478]
 2D mask available
 Keypoint 2D 
    [835.34539795 484.12493896]
    [864.828125   662.27496338]
    [738.4855957  653.06213379]
    [742.51501465 874.05615234]
    [ 740.14923096 1087.10559082]
    [1000.96704102  672.2020874 ]
    [1047.0958252   906.02722168]
    [1084.97521973 1139.35974121]
    [ 782.57403564 1133.88037109]
    [ 788.24700928 1507.8560791 ]
    [ 791.94506836 1829.86376953]
    [ 949.38824463 1169.109375  ]
    [ 951.54693604 1560.06982422]
    [ 952.55426025 1896.20654297]
    [827.45355225 447.52844238]
    [868.19708252 455.42480469]
    [810.77990723 461.20407104]
    [923.1618042 483.8248291]

 Keypoint 3D 
    [-0.1480208   0.06278634 -1.1157796 ]
    [-0.12425645 -0.12373373 -1.1733687 ]
    [-0.2684934  -0.11817228 -1.2171619 ]
    [-0.26771113 -0.36739132 -1.2340791 ]
    [-0.2710167 -0.6075363 -1.2370695]
    [ 0.01998054 -0.12929519 -1.1295755 ]
    [ 0.06817099 -0.3739414  -1.144504  ]
    [ 0.10655832 -0.6108161  -1.1341969 ]
    [-0.22602212 -0.66789097 -1.251738  ]
    [-0.22443591 -1.1170344  -1.2794435 ]
    [-0.22389142 -1.5164397  -1.3012422 ]
    [-0.03477626 -0.6750744  -1.1936568 ]
    [-0.03319006 -1.1242176  -1.2213624 ]
    [-0.03264556 -1.523623   -1.2431611 ]
    [-0.15861098  0.10151663 -1.1343496 ]
    [-0.11460506  0.09174415 -1.1144143 ]
    [-0.18484503  0.09194273 -1.1928434 ]
    [-0.06016161  0.06425402 -1.1363602 ]
1 th Person attributes:
 Confidence (50/100)
 Tracking ID: 1 tracking state: OK / IDLE
 3D position: [0.8861748576164246,-0.6457160711288452,-1.5680639743804932]
 Velocity: [-0.006476684007793665,-0.000198296649614349,0.0014231728855520487]
 3D dimentions: [0.502886176109314,1.508626937866211,0.502886176109314]
 2D mask available
 Keypoint 2D 
    [1723.34387207  563.8460083 ]
    [1600.5859375   594.35064697]
    [1487.25720215  636.0980835 ]
    [1501.05297852  835.21691895]
    [1513.69152832 1026.52575684]
    [1705.05749512  555.86590576]
    [1720.18005371  736.28118896]
    [1738.77844238  907.98291016]
    [1614.66308594  978.86621094]
    [1642.35009766 1277.58203125]
    [1668.0847168  1537.62402344]
    [1713.66320801  929.328125  ]
    [1738.95092773 1217.75097656]
    [1762.72143555 1468.96887207]
    [1704.43847656  538.72583008]
    [1717.88110352  521.52941895]
    [1607.71374512  520.07165527]
    [1647.9921875   474.72354126]

 Keypoint 3D 
    [ 0.99360985 -0.02375203 -1.47539   ]
    [ 0.8746223  -0.06814791 -1.5562198 ]
    [ 0.6854645  -0.12195587 -1.4929363 ]
    [ 0.7038352  -0.39163494 -1.4922445 ]
    [ 0.7211498 -0.6509658 -1.4926457]
    [ 1.06378    -0.01433993 -1.6195035 ]
    [ 1.096328  -0.2822368 -1.6348863]
    [ 1.1297534  -0.53984785 -1.6433562 ]
    [ 0.91283184 -0.6238843  -1.5880963 ]
    [ 0.966752  -1.0700319 -1.6114403]
    [ 1.0156122 -1.4666288 -1.6294322]
    [ 1.0964454 -0.5738682 -1.6496141]
    [ 1.1503657 -1.0200157 -1.6729583]
    [ 1.1992257 -1.4166126 -1.6909502]
    [ 0.95335835  0.00974002 -1.4526399 ]
    [ 0.98704016  0.03294947 -1.476507  ]
    [ 0.847592    0.03524502 -1.4909588 ]
    [ 0.9430237   0.10100513 -1.5585824 ]
2 Person(s) detected
0 th Person attributes:
 Confidence (65/100)
 Tracking ID: 0 tracking state: OK / IDLE
 3D position: [-0.11167264729738235,-0.6812394857406616,-1.1223853826522827]
 Velocity: [-0.001624343334697187,0.00010465316154295579,0.16814617812633514]
 3D dimentions: [0.5135067105293274,1.574203372001648,0.5135067105293274]
 2D mask available
 Keypoint 2D 
    [837.07904053 475.10852051]
    [865.56140137 663.35791016]
    [721.61584473 654.25775146]
    [716.96820068 896.79541016]
    [ 710.22619629 1131.56970215]
    [1009.59179688  672.46343994]
    [1061.12158203  915.91174316]
    [1111.40161133 1153.51489258]
    [ 738.4552002  1183.94567871]
    [ 729.7197876  1605.16638184]
    [ 721.53759766 1974.68188477]
    [ 930.97131348 1196.03149414]
    [ 919.99420166 1617.2800293 ]
    [ 910.28112793 1986.84448242]
    [825.00238037 439.30438232]
    [871.55352783 445.87063599]
    [798.85064697 458.19366455]
    [925.41876221 476.64697266]

 Keypoint 3D 
    [-0.13908593  0.06838915 -1.0610157 ]
    [-0.117683   -0.11902864 -1.1183244 ]
    [-0.26389498 -0.10982248 -1.1186541 ]
    [-0.2707343 -0.3589307 -1.1274815]
    [-0.27734676 -0.59860444 -1.1263113 ]
    [ 0.02852899 -0.1282348  -1.1179944 ]
    [ 0.08011357 -0.37199965 -1.108128  ]
    [ 0.12971258 -0.60643405 -1.0998178 ]
    [-0.25197205 -0.6613114  -1.1421223 ]
    [-0.26409814 -1.1109475  -1.1555514 ]
    [-0.27488732 -1.5106927  -1.1649001 ]
    [-0.05234858 -0.67357004 -1.1416612 ]
    [-0.06447467 -1.1232061  -1.1550903 ]
    [-0.07526387 -1.5229514  -1.164439  ]
    [-0.15372317  0.10492627 -1.0821719 ]
    [-0.10695173  0.09752709 -1.0717474 ]
    [-0.18904905  0.09100785 -1.140286  ]
    [-0.05652997  0.07004354 -1.1107497 ]
1 th Person attributes:
 Confidence (50/100)
 Tracking ID: 1 tracking state: OK / IDLE
 3D position: [0.8891756534576416,-0.6474291086196899,-1.571165680885315]
 Velocity: [-0.0009468187927268445,-2.7465865059639327e-05,0.002076749224215746]
 3D dimentions: [0.5040175914764404,1.512014389038086,0.50401771068573]
 2D mask available
 Keypoint 2D 
    [1721.31799316  570.46154785]
    [1604.06921387  595.08843994]
    [1489.28503418  635.79547119]
    [1501.48046875  833.89544678]
    [1512.69946289 1024.09179688]
    [1710.29492188  557.41650391]
    [1725.3482666   737.56414795]
    [1744.46484375  909.15106201]
    [1615.14257812  978.30657959]
    [1642.79553223 1275.73510742]
    [1668.51867676 1534.60961914]
    [1715.80273438  930.23962402]
    [1741.05761719 1217.93054199]
    [1764.82885742 1468.4576416 ]
    [1702.10803223  544.99615479]
    [1720.22265625  527.53869629]
    [1606.09851074  520.74621582]
    [1658.14929199  474.6987915 ]

 Keypoint 3D 
    [ 0.9909379  -0.03261386 -1.4754514 ]
    [ 0.88189965 -0.06937551 -1.560389  ]
    [ 0.6914523  -0.12211794 -1.4999639 ]
    [ 0.708094   -0.39188123 -1.5000395 ]
    [ 0.72382456 -0.65128386 -1.5009799 ]
    [ 1.0723469  -0.01663311 -1.620814  ]
    [ 1.1051704  -0.28444257 -1.6366217 ]
    [ 1.13906   -0.5419824 -1.6445454]
    [ 0.91677195 -0.6252934  -1.5937439 ]
    [ 0.9710666 -1.0713717 -1.617542 ]
    [ 1.0202471 -1.4679149 -1.6358345]
    [ 1.1015527 -0.5762289 -1.6524698]
    [ 1.1558473 -1.0223072 -1.6762679]
    [ 1.205028  -1.4188507 -1.6945603]
    [ 0.9503557   0.00147148 -1.4527477 ]
    [ 0.9871936   0.02481983 -1.4720559 ]
    [ 0.8492437  0.0344879 -1.4977275]
    [ 0.9536178   0.10064153 -1.5524338 ]
2 Person(s) detected
0 th Person attributes:
 Confidence (66/100)
 Tracking ID: 0 tracking state: OK / IDLE
 3D position: [-0.11780426651239395,-0.6749820113182068,-1.1347527503967285]
 Velocity: [-0.016300756484270096,-0.0005097730900160968,-0.007481826469302177]
 3D dimentions: [0.5084285140037537,1.5587029457092285,0.508428692817688]
 2D mask available
 Keypoint 2D 
    [849.56878662 478.50012207]
    [860.56951904 667.18719482]
    [715.565979   659.83972168]
    [710.09796143 901.85461426]
    [ 702.76660156 1137.28442383]
    [1002.49304199  674.37854004]
    [1054.58666992  913.00604248]
    [1104.85925293 1145.22521973]
    [ 733.97296143 1182.34008789]
    [ 724.62304688 1596.48657227]
    [ 716.08508301 1958.56604004]
    [ 924.79443359 1184.34802246]
    [ 912.9095459  1592.69628906]
    [ 902.64624023 1949.81738281]
    [831.42572021 443.51730347]
    [880.80639648 448.69866943]
    [794.82000732 464.96389771]
    [927.79187012 478.97851562]

 Keypoint 3D 
    [-0.12639064  0.06478139 -1.0554593 ]
    [-0.12401009 -0.12417719 -1.1297978 ]
    [-0.2698011  -0.11538942 -1.1176702 ]
    [-0.27798846 -0.3644004  -1.128384  ]
    [-0.28479683 -0.6040721  -1.1256118 ]
    [ 0.02178092 -0.13296494 -1.1419255 ]
    [ 0.07497883 -0.37629914 -1.1298131 ]
    [ 0.1257305 -0.6105397 -1.1225846]
    [-0.25918522 -0.6662427  -1.1535428 ]
    [-0.2728408 -1.11573   -1.1701162]
    [-0.28473642 -1.515381   -1.1818479 ]
    [-0.06021243 -0.6779247  -1.1700763 ]
    [-0.07386802 -1.1274121  -1.1866496 ]
    [-0.08576362 -1.527063   -1.1983814 ]
    [-0.14664061  0.10025948 -1.076502  ]
    [-0.098294    0.09510908 -1.0755183 ]
    [-0.19210048  0.08351244 -1.133671  ]
    [-0.05511838  0.06891963 -1.1308838 ]
1 th Person attributes:
 Confidence (48/100)
 Tracking ID: 1 tracking state: OK / IDLE
 3D position: [0.8880141377449036,-0.6492432355880737,-1.5750491619110107]
 Velocity: [-0.008529797196388245,-0.0002631710085552186,0.0005680231843143702]
 3D dimentions: [0.5052658319473267,1.5156619548797607,0.5052657723426819]
 2D mask available
 Keypoint 2D 
    [1717.13696289  575.01031494]
    [1601.23779297  594.4039917 ]
    [1487.77844238  635.78503418]
    [1498.9498291   833.56048584]
    [1509.19641113 1023.42828369]
    [1706.03588867  556.18200684]
    [1720.7545166   735.63977051]
    [1739.6706543   906.53668213]
    [1613.79272461  976.24487305]
    [1641.20129395 1272.6854248 ]
    [1666.67919922 1530.61157227]
    [1712.98681641  927.4677124 ]
    [1737.99768066 1213.97717285]
    [1761.51696777 1463.39770508]
    [1700.06445312  550.65283203]
    [1720.9888916   531.56976318]
    [1605.00463867  523.33325195]
    [1664.55517578  472.79800415]

 Keypoint 3D 
    [ 0.98925793 -0.03886046 -1.4813215 ]
    [ 0.88040334 -0.06860203 -1.5648584 ]
    [ 0.69068533 -0.12233123 -1.502759  ]
    [ 0.706009   -0.39218116 -1.5029371 ]
    [ 0.72047275 -0.65166557 -1.5039471 ]
    [ 1.0701214  -0.01487281 -1.6269578 ]
    [ 1.1027006  -0.28270012 -1.6431116 ]
    [ 1.1364841  -0.54025716 -1.6512012 ]
    [ 0.91771066 -0.62427765 -1.5987818 ]
    [ 0.9718736 -1.0703601 -1.622798 ]
    [ 1.0209445 -1.466905  -1.6413473]
    [ 1.1017454 -0.5743732 -1.6591207]
    [ 1.1559082 -1.0204556 -1.6831367]
    [ 1.2049792 -1.4170005 -1.7016859]
    [ 0.9485145  -0.00599382 -1.4540569 ]
    [ 0.98827136  0.01943406 -1.472136  ]
    [ 0.8468638   0.03093787 -1.4961504 ]
    [ 0.9595083   0.10298356 -1.5473746 ]
2 Person(s) detected
0 th Person attributes:
 Confidence (68/100)
 Tracking ID: 0 tracking state: OK / IDLE
 3D position: [-0.11749396473169327,-0.6611628532409668,-1.132331132888794]
 Velocity: [-0.012979462742805481,-0.0004946661065332592,-0.0725221037864685]
 3D dimentions: [0.49734926223754883,1.5267696380615234,0.49734923243522644]
 2D mask available
 Keypoint 2D 
    [854.34057617 467.99261475]
    [861.83215332 666.92016602]
    [719.31237793 660.22528076]
    [714.76812744 899.25201416]
    [ 708.57714844 1130.3704834 ]
    [1004.42248535  673.61828613]
    [1055.0435791   918.06103516]
    [1105.90771484 1164.12512207]
    [ 743.59924316 1186.35400391]
    [ 735.27471924 1606.78295898]
    [ 727.49212646 1976.72180176]
    [ 934.90692139 1195.32751465]
    [ 924.75048828 1615.81079102]
    [ 915.74578857 1985.81420898]
    [833.27789307 438.83770752]
    [882.08959961 439.86001587]
    [796.47052002 469.36013794]
    [928.65130615 472.12542725]

 Keypoint 3D 
    [-0.1242049   0.07631519 -1.0761343 ]
    [-0.12287839 -0.12406824 -1.1313014 ]
    [-0.2693108  -0.11722171 -1.1315814 ]
    [-0.27568498 -0.36501846 -1.1386281 ]
    [-0.28183532 -0.6033782  -1.1376237 ]
    [ 0.02355398 -0.13091478 -1.1310216 ]
    [ 0.07357867 -0.37203464 -1.1018283 ]
    [ 0.12165727 -0.60426164 -1.0770637 ]
    [-0.24841021 -0.6685765  -1.1503261 ]
    [-0.25958428 -1.1183007  -1.1614271 ]
    [-0.2695238 -1.5181065 -1.1689477]
    [-0.04861966 -0.6777189  -1.149939  ]
    [-0.05979376 -1.1274431  -1.1610401 ]
    [-0.0697333 -1.5272489 -1.1685604]
    [-0.14795606  0.10709488 -1.099733  ]
    [-0.09922966  0.10607818 -1.0997735 ]
    [-0.1932454   0.08016775 -1.150602  ]
    [-0.05518729  0.07728709 -1.1507164 ]
1 th Person attributes:
 Confidence (48/100)
 Tracking ID: 1 tracking state: OK / IDLE
 3D position: [0.8857865333557129,-0.6460536122322083,-1.5664730072021484]
 Velocity: [0.0007129685836844146,2.4534872864023782e-05,0.001894978922791779]
 3D dimentions: [0.5026811361312866,1.5085368156433105,0.5026811957359314]
 2D mask available
 Keypoint 2D 
    [1724.11132812  554.69940186]
    [1602.83093262  593.17895508]
    [1489.39855957  634.22705078]
    [1499.3737793   834.24707031]
    [1508.51721191 1026.89013672]
    [1707.31188965  555.37011719]
    [1722.5390625   735.96600342]
    [1741.44970703  907.90161133]
    [1616.42456055  979.30401611]
    [1644.61730957 1279.17407227]
    [1670.75061035 1540.27648926]
    [1715.53149414  930.09912109]
    [1741.31652832 1219.50158691]
    [1765.47436523 1471.62939453]
    [1706.90258789  530.55566406]
    [1717.8536377   511.87600708]
    [1609.8190918   515.26098633]
    [1644.1151123   465.83578491]

 Keypoint 3D 
    [ 1.0006698  -0.01157132 -1.4843373 ]
    [ 0.8763692  -0.06638462 -1.553694  ]
    [ 0.6869532  -0.11917488 -1.4898709 ]
    [ 0.69940746 -0.38912335 -1.487665  ]
    [ 0.7111205 -0.6487064 -1.4863377]
    [ 1.0657853  -0.01359437 -1.617517  ]
    [ 1.0984588 -0.281418  -1.6328492]
    [ 1.1321102  -0.53895146 -1.6409961 ]
    [ 0.912374  -0.6224706 -1.5828964]
    [ 0.96666366 -1.068597   -1.6057844 ]
    [ 1.0158241 -1.4651704 -1.6234688]
    [ 1.0960814  -0.57336885 -1.6448696 ]
    [ 1.1503711 -1.0194952 -1.6677574]
    [ 1.1995314 -1.4160687 -1.685442 ]
    [ 0.959995    0.02058664 -1.4577835 ]
    [ 0.9930272   0.04616857 -1.4855185 ]
    [ 0.84865516  0.04166842 -1.4878273 ]
    [ 0.94224656  0.11415054 -1.5664097 ]
2 Person(s) detected
0 th Person attributes:
 Confidence (68/100)
 Tracking ID: 0 tracking state: OK / IDLE
 3D position: [-0.11959481239318848,-0.672241747379303,-1.1310980319976807]
 Velocity: [-0.007226813118904829,-0.00017006236885208637,0.039274800568819046]
 3D dimentions: [0.5054989457130432,1.552633285522461,0.5054988861083984]
 2D mask available
 Keypoint 2D 
    [854.16741943 470.21691895]
    [860.97491455 668.24420166]
    [714.71508789 660.59863281]
    [707.87878418 903.87554932]
    [ 699.86895752 1139.65844727]
    [1003.24572754  675.68115234]
    [1049.15966797  910.715271  ]
    [1093.06799316 1135.81494141]
    [ 729.67010498 1190.41040039]
    [ 717.70666504 1611.02038574]
    [ 706.94769287 1979.38024902]
    [ 922.66412354 1190.57543945]
    [ 908.46325684 1603.60144043]
    [ 896.21020508 1965.44628906]
    [832.52807617 439.93243408]
    [882.159729   440.81768799]
    [795.55438232 469.74465942]
    [929.48187256 472.11437988]

 Keypoint 3D 
    [-0.12233105  0.07292438 -1.0584571 ]
    [-0.12295253 -0.12461086 -1.1239313 ]
    [-0.2684176  -0.11519519 -1.1083922 ]
    [-0.2776559  -0.36306316 -1.1178927 ]
    [-0.28543738 -0.60160744 -1.1165353 ]
    [ 0.02251258 -0.1340265  -1.1394702 ]
    [ 0.07009782 -0.37764004 -1.140963  ]
    [ 0.11578494 -0.61189246 -1.1430254 ]
    [-0.26044184 -0.66637987 -1.1393282 ]
    [-0.276393  -1.1158489 -1.1542696]
    [-0.29027936 -1.5154701  -1.1647533 ]
    [-0.06196471 -0.6789464  -1.1605163 ]
    [-0.07791587 -1.1284153  -1.1754576 ]
    [-0.09180224 -1.5280368  -1.1859412 ]
    [-0.14627436  0.10426962 -1.0817603 ]
    [-0.09755827  0.10342444 -1.0820132 ]
    [-0.19166833  0.07872529 -1.1355886 ]
    [-0.0536394   0.07633062 -1.1363059 ]
1 th Person attributes:
 Confidence (47/100)
 Tracking ID: 1 tracking state: OK / IDLE
 3D position: [0.8856637477874756,-0.6462148427963257,-1.562974214553833]
 Velocity: [0.0011807597475126386,4.912322765449062e-05,0.009372368454933167]
 3D dimentions: [0.5024902820587158,1.508386492729187,0.502490222454071]
 2D mask available
 Keypoint 2D 
    [1725.74951172  552.35852051]
    [1603.44104004  594.15142822]
    [1488.79125977  633.78106689]
    [1497.70397949  834.23822021]
    [1505.94812012 1027.61279297]
    [1709.16442871  557.60717773]
    [1724.3359375   738.66094971]
    [1742.98132324  911.0614624 ]
    [1613.89807129  982.42565918]
    [1641.78015137 1283.82592773]
    [1667.6751709  1546.35571289]
    [1714.53356934  934.30407715]
    [1740.01940918 1225.2869873 ]
    [1763.95410156 1478.87841797]
    [1709.16040039  526.06213379]
    [1714.55004883  511.53515625]
    [1614.43981934  511.84985352]
    [1634.4901123   473.68289185]

 Keypoint 3D 
    [ 1.0049995  -0.00843485 -1.4874789 ]
    [ 0.8738574  -0.06749583 -1.5477211 ]
    [ 0.6839034  -0.11818662 -1.485032  ]
    [ 0.6944255  -0.38758937 -1.4818459 ]
    [ 0.70434624 -0.6466446  -1.4793901 ]
    [ 1.0638111  -0.01680505 -1.6104103 ]
    [ 1.0960151  -0.28408882 -1.625276  ]
    [ 1.1290644  -0.54110545 -1.6332896 ]
    [ 0.9045536  -0.62406546 -1.5755979 ]
    [ 0.9579904 -1.0703086 -1.5982143]
    [ 1.0063925 -1.4669886 -1.6156042]
    [ 1.0890592 -0.5767181 -1.6365561]
    [ 1.142496  -1.0229613 -1.6591727]
    [ 1.1908981 -1.4196411 -1.6765624]
    [ 0.96697265  0.02664317 -1.4638233 ]
    [ 0.9959862   0.04697793 -1.4966595 ]
    [ 0.8540396   0.04622933 -1.4863368 ]
    [ 0.93624455  0.10384449 -1.5793728 ]
2 Person(s) detected
0 th Person attributes:
 Confidence (68/100)
 Tracking ID: 0 tracking state: OK / IDLE
 3D position: [-0.12089721858501434,-0.6719896793365479,-1.1480807065963745]
 Velocity: [-0.0008133910596370697,0.006592303514480591,-0.04169469326734543]
 3D dimentions: [0.5051484704017639,1.5516659021377563,0.5051484107971191]
 2D mask available
 Keypoint 2D 
    [854.4730835  474.47506714]
    [861.24310303 667.28839111]
    [717.35949707 659.60900879]
    [712.08477783 898.33581543]
    [ 705.05633545 1129.64746094]
    [1002.29699707  674.81665039]
    [1049.35119629  907.06915283]
    [1094.10632324 1128.38977051]
    [ 735.34832764 1175.57739258]
    [ 726.34558105 1582.61584473]
    [ 718.12646484 1937.08239746]
    [ 924.01538086 1178.65075684]
    [ 912.08831787 1580.42504883]
    [ 901.81109619 1930.42883301]
    [833.25732422 443.3649292 ]
    [882.7880249  444.53686523]
    [797.31945801 471.56430054]
    [930.32220459 474.70599365]

 Keypoint 3D 
    [-0.12211686  0.06887776 -1.059147  ]
    [-0.12426   -0.1252291 -1.1384169]
    [-0.27024502 -0.11612801 -1.1271108 ]
    [-0.27860898 -0.36426803 -1.139243  ]
    [-0.28573018 -0.60317767 -1.138655  ]
    [ 0.02172505 -0.13433017 -1.149723  ]
    [ 0.07106162 -0.37793455 -1.1533867 ]
    [ 0.11840578 -0.6121673  -1.1581213 ]
    [-0.26071295 -0.6667512  -1.1668258 ]
    [-0.27473274 -1.116116   -1.1861851 ]
    [-0.2869665 -1.5156783 -1.2003369]
    [-0.06167338 -0.6788459  -1.1822195 ]
    [-0.07569317 -1.1282107  -1.2015787 ]
    [-0.0879269 -1.5277729 -1.2157307]
    [-0.14576049  0.10103904 -1.0832633 ]
    [-0.09705976  0.09989336 -1.0833367 ]
    [-0.19107492  0.07734582 -1.1429228 ]
    [-0.05308951  0.07409968 -1.1431307 ]
1 th Person attributes:
 Confidence (48/100)
 Tracking ID: 1 tracking state: OK / IDLE
 3D position: [0.8902400732040405,-0.6508134007453918,-1.5703277587890625]
 Velocity: [0.007547508925199509,0.0047068288549780846,0.0023148402106016874]
 3D dimentions: [0.5049973130226135,1.5156242847442627,0.5049973130226135]
 2D mask available
 Keypoint 2D 
    [1723.84851074  570.84368896]
    [1603.75842285  593.83337402]
    [1491.92663574  634.8182373 ]
    [1520.62695312  840.98669434]
    [1547.02954102 1040.34118652]
    [1706.13171387  556.31494141]
    [1720.01513672  741.70184326]
    [1738.83825684  918.15509033]
    [1611.6751709   977.53643799]
    [1637.1887207  1274.76293945]
    [1661.09960938 1533.03515625]
    [1707.73571777  928.24145508]
    [1730.80822754 1214.52758789]
    [1752.71594238 1463.45947266]
    [1706.60095215  545.52130127]
    [1722.24365234  527.71435547]
    [1610.19909668  522.13415527]
    [1656.29772949  475.24539185]

 Keypoint 3D 
    [ 0.9956006  -0.03316814 -1.4773407 ]
    [ 0.87987703 -0.06747631 -1.5575877 ]
    [ 0.6898798  -0.11988887 -1.4888083 ]
    [ 0.7253962  -0.39674115 -1.4821212 ]
    [ 0.75877327 -0.66308814 -1.4779403 ]
    [ 1.0698743  -0.01506376 -1.6263672 ]
    [ 1.1020399  -0.29185936 -1.643771  ]
    [ 1.1359711 -0.5580336 -1.6522702]
    [ 0.9108828 -0.6235818 -1.5922189]
    [ 0.96276635 -1.0698693  -1.6174291 ]
    [ 1.0099325 -1.4665976 -1.6369736]
    [ 1.0933406 -0.5752778 -1.658369 ]
    [ 1.1452243 -1.0215652 -1.6835793]
    [ 1.1923903 -1.4182934 -1.7031239]
    [ 9.5592177e-01  7.7867985e-04 -1.4522021e+00]
    [ 0.99203193  0.0246382  -1.4752347 ]
    [ 0.8501612   0.03242316 -1.4895667 ]
    [ 0.9524734   0.10002512 -1.5548254 ]
2 Person(s) detected
0 th Person attributes:
 Confidence (67/100)
 Tracking ID: 0 tracking state: OK / IDLE
 3D position: [-0.12169627845287323,-0.6695750951766968,-1.1520076990127563]
 Velocity: [-0.00842580571770668,-0.0051920460537076,-0.028802797198295593]
 3D dimentions: [0.5039761066436768,1.547783613204956,0.5039761662483215]
 2D mask available
 Keypoint 2D 
    [850.64501953 477.35629272]
    [859.95996094 665.74768066]
    [717.04742432 657.69128418]
    [713.12017822 894.62219238]
    [ 706.56616211 1124.45483398]
    [1001.33642578  673.71759033]
    [1048.12353516  905.70922852]
    [1093.29797363 1128.89086914]
    [ 737.96899414 1166.88671875]
    [ 731.22619629 1566.40869141]
    [ 724.89538574 1912.61486816]
    [ 924.57141113 1173.5111084 ]
    [ 914.34265137 1570.14953613]
    [ 905.48571777 1913.94665527]
    [833.17169189 443.09960938]
    [882.50244141 448.10284424]
    [798.90447998 466.07720947]
    [930.5411377  479.51620483]

 Keypoint 3D 
    [-0.12464662  0.0655027  -1.0494576 ]
    [-0.12580453 -0.12385198 -1.140397  ]
    [-0.27227446 -0.11488746 -1.1342351 ]
    [-0.27983844 -0.36341476 -1.1486855 ]
    [-0.2865427  -0.60280293 -1.1481643 ]
    [ 0.02066541 -0.1328165  -1.1465586 ]
    [ 0.069839  -0.3768492 -1.1544238]
    [ 0.11733992 -0.6115684  -1.1559932 ]
    [-0.26087224 -0.66502833 -1.1801038 ]
    [-0.2733055 -1.1142716 -1.203036 ]
    [-0.28423482 -1.5137504  -1.2202752 ]
    [-0.06139947 -0.67688847 -1.1884674 ]
    [-0.07383273 -1.1261318  -1.2113994 ]
    [-0.08476206 -1.5256107  -1.2286386 ]
    [-0.14471756  0.10051706 -1.0748914 ]
    [-0.09646137  0.09551585 -1.0735519 ]
    [-0.1893925  0.0830223 -1.1426946]
    [-0.05266667  0.06885217 -1.138899  ]
1 th Person attributes:
 Confidence (48/100)
 Tracking ID: 1 tracking state: OK / IDLE
 3D position: [0.8879183530807495,-0.6470606327056885,-1.566118597984314]
 Velocity: [-0.0006072698161005974,-0.004251020960509777,-0.0013882487546652555]
 3D dimentions: [0.5030529499053955,1.5097273588180542,0.5030527710914612]
 2D mask available
 Keypoint 2D 
    [1726.73303223  570.15979004]
    [1603.43981934  593.17474365]
    [1489.73913574  634.19537354]
    [1510.03625488  839.175354  ]
    [1528.66357422 1037.1394043 ]
    [1707.93994141  555.47338867]
    [1722.01855469  739.99365234]
    [1740.8581543   915.61090088]
    [1612.23986816  977.33886719]
    [1638.29675293 1274.94592285]
    [1662.62573242 1533.546875  ]
    [1710.37487793  928.49481201]
    [1733.98266602 1215.63500977]
    [1756.30761719 1465.29833984]
    [1706.82250977  545.79541016]
    [1724.57397461  526.88543701]
    [1608.96008301  523.72662354]
    [1660.2265625   473.73764038]

 Keypoint 3D 
    [ 0.99273574 -0.03203366 -1.4673883 ]
    [ 0.878188   -0.06645142 -1.5553943 ]
    [ 0.68738645 -0.11912733 -1.4898114 ]
    [ 0.7123332 -0.3949617 -1.4845934]
    [ 0.73577076 -0.66026247 -1.4812385 ]
    [ 1.0689894  -0.01377549 -1.6209772 ]
    [ 1.1013402 -0.2883444 -1.6382829]
    [ 1.1352525 -0.5523935 -1.6468326]
    [ 0.910482  -0.6224643 -1.5900935]
    [ 0.96307385 -1.0686738  -1.6152159 ]
    [ 1.0108057 -1.4653364 -1.6347182]
    [ 1.093925  -0.5738813 -1.6532469]
    [ 1.1465168 -1.0200909 -1.6783692]
    [ 1.1942488 -1.4167535 -1.6978713]
    [ 9.5083195e-01  4.1493122e-04 -1.4440285e+00]
    [ 0.9875588   0.02555179 -1.4639775 ]
    [ 0.84737754  0.03023027 -1.4876208 ]
    [ 0.951437    0.10145139 -1.5441432 ]
2 Person(s) detected
0 th Person attributes:
 Confidence (66/100)
 Tracking ID: 0 tracking state: OK / IDLE
 3D position: [-0.11672908812761307,-0.6412487030029297,-1.1251728534698486]
 Velocity: [-0.0019827631767839193,-0.0002090851921821013,-0.08956996351480484]
 3D dimentions: [0.481638103723526,1.482710599899292,0.481638103723526]
 2D mask available
 Keypoint 2D 
    [848.355896   469.15927124]
    [859.66094971 664.9095459 ]
    [730.80444336 657.19604492]
    [734.33349609 884.22827148]
    [ 731.54608154 1103.93444824]
    [999.88964844 673.30377197]
    [1050.7298584   925.02685547]
    [1101.48449707 1174.33532715]
    [ 776.51525879 1169.40612793]
    [ 781.70379639 1571.25073242]
    [ 785.13549805 1919.60705566]
    [ 952.06201172 1208.70690918]
    [ 954.34985352 1632.22033691]
    [ 955.55395508 1998.85571289]
    [834.92889404 439.15249634]
    [880.04089355 440.52929688]
    [813.47851562 468.12249756]
    [934.60571289 472.3949585 ]

 Keypoint 3D 
    [-0.1267263   0.07325343 -1.0486202 ]
    [-0.12341519 -0.12035236 -1.1159921 ]
    [-0.26469103 -0.11729402 -1.1631565 ]
    [-0.26367584 -0.36072716 -1.1752406 ]
    [-0.26662436 -0.5950691  -1.1751289 ]
    [ 0.01786064 -0.12341068 -1.0688275 ]
    [ 0.06610121 -0.36169606 -1.0515167 ]
    [ 0.11285784 -0.59081954 -1.0359882 ]
    [-0.21947946 -0.6674276  -1.1795738 ]
    [-0.21766992 -1.1169494  -1.2002312 ]
    [-0.21680695 -1.5166229  -1.2163669 ]
    [-0.02981161 -0.6714205  -1.1162477 ]
    [-0.0280021 -1.1209424 -1.1369051]
    [-0.02713912 -1.5206162  -1.1530408 ]
    [-0.14338578  0.10464796 -1.0777689 ]
    [-0.09853796  0.10256118 -1.0700508 ]
    [-0.17495361  0.0812159  -1.1471474 ]
    [-0.04788476  0.07530332 -1.1252798 ]
1 th Person attributes:
 Confidence (47/100)
 Tracking ID: 1 tracking state: OK / IDLE
 3D position: [0.8855336308479309,-0.6453348398208618,-1.562072992324829]
 Velocity: [0.003190472489222884,-0.00115125288721174,-0.006579904351383448]
 3D dimentions: [0.5012609958648682,1.5048983097076416,0.5012610554695129]
 2D mask available
 Keypoint 2D 
    [1726.06848145  553.52758789]
    [1603.1965332   593.13067627]
    [1488.21533203  634.39801025]
    [1503.29772949  839.34777832]
    [1517.08251953 1037.3515625 ]
    [1709.06201172  555.13500977]
    [1724.27734375  739.74438477]
    [1743.46191406  915.46734619]
    [1615.81005859  980.31573486]
    [1643.62133789 1280.81433105]
    [1669.4029541  1542.32434082]
    [1715.49511719  931.20501709]
    [1740.8807373  1221.26281738]
    [1764.67419434 1473.83178711]
    [1707.29089355  529.33642578]
    [1716.8482666   511.74801636]
    [1609.85510254  515.47515869]
    [1640.34057617  468.93041992]

 Keypoint 3D 
    [ 0.99985564 -0.00995793 -1.4792312 ]
    [ 0.87407434 -0.06610403 -1.5487142 ]
    [ 0.68301535 -0.11899885 -1.4847893 ]
    [ 0.70090663 -0.39387637 -1.4796431 ]
    [ 0.7176728 -0.6582316 -1.4760445]
    [ 1.0651333  -0.01320922 -1.6126391 ]
    [ 1.0981503  -0.28626657 -1.6285706 ]
    [ 1.132259  -0.548841  -1.6368775]
    [ 0.9090208  -0.62223345 -1.5786061 ]
    [ 0.96287256 -1.0683923  -1.6018927 ]
    [ 1.0116352 -1.4649985 -1.6199415]
    [ 1.0929216 -0.5733909 -1.6402091]
    [ 1.1467733 -1.0195497 -1.6634955]
    [ 1.1955359 -1.4161559 -1.6815443]
    [ 0.95894486  0.02216397 -1.4554099 ]
    [ 0.98980975  0.04625421 -1.4827298 ]
    [ 0.8482613   0.04135761 -1.4870516 ]
    [ 0.935712   0.1096133 -1.564458 ]
2 Person(s) detected
0 th Person attributes:
 Confidence (67/100)
 Tracking ID: 0 tracking state: OK / IDLE
 3D position: [-0.12229351699352264,-0.6661677956581116,-1.1694527864456177]
 Velocity: [0.004771110601723194,0.021838106215000153,-0.033713582903146744]
 3D dimentions: [0.5003265142440796,1.5406475067138672,0.5003265738487244]
 2D mask available
 Keypoint 2D 
    [844.50842285 477.42938232]
    [859.43536377 668.80639648]
    [727.52886963 661.41192627]
    [732.27276611 889.75726318]
    [ 729.60150146 1111.88647461]
    [999.04089355 676.63256836]
    [1049.62866211  909.52758789]
    [1091.29138184 1144.96203613]
    [ 774.96801758 1151.21972656]
    [ 781.82507324 1533.64123535]
    [ 786.60839844 1863.48034668]
    [ 949.20629883 1178.88391113]
    [ 952.46716309 1574.56750488]
    [ 954.55731201 1915.48364258]
    [829.07501221 447.24368286]
    [875.80725098 449.35626221]
    [802.62261963 475.12942505]
    [928.01617432 481.18515015]

 Keypoint 3D 
    [-0.13261001  0.06649464 -1.0664839 ]
    [-0.1275563  -0.12823364 -1.1513066 ]
    [-0.272944   -0.12392233 -1.183953  ]
    [-0.27164125 -0.3745781  -1.2007319 ]
    [-0.2742933 -0.6161187 -1.1995962]
    [ 0.01783144 -0.13254496 -1.1186601 ]
    [ 0.07068802 -0.37696698 -1.1426514 ]
    [ 0.11268498 -0.61453146 -1.1304206 ]
    [-0.22967175 -0.6729632  -1.2251031 ]
    [-0.22687696 -1.1221645  -1.2517586 ]
    [-0.22508888 -1.5216289  -1.2723763 ]
    [-0.03461099 -0.6785596  -1.1812854 ]
    [-0.03181618 -1.1277609  -1.2079407 ]
    [-0.03002813 -1.5272253  -1.2285585 ]
    [-0.15147588  0.09826438 -1.0948465 ]
    [-0.104512    0.09569126 -1.0894562 ]
    [-0.18874322  0.07490516 -1.1624498 ]
    [-0.05567897  0.06761465 -1.1471778 ]
1 th Person attributes:
 Confidence (47/100)
 Tracking ID: 1 tracking state: OK / IDLE
 3D position: [0.8797712326049805,-0.6470893621444702,-1.5598468780517578]
 Velocity: [0.001146610826253891,0.01937710866332054,-0.008759021759033203]
 3D dimentions: [0.5005627274513245,1.5033077001571655,0.5005629062652588]
 2D mask available
 Keypoint 2D 
    [1724.37084961  553.3135376 ]
    [1600.58508301  594.41882324]
    [1483.56396484  634.46655273]
    [1496.61071777  836.45556641]
    [1508.58789062 1031.71850586]
    [1709.04321289  557.30145264]
    [1725.08154297  740.47991943]
    [1744.50195312  915.01300049]
    [1613.26245117  983.03607178]
    [1642.28674316 1285.24938965]
    [1669.16027832 1548.81286621]
    [1716.47314453  935.27087402]
    [1743.1505127  1227.66162109]
    [1768.11206055 1482.77282715]
    [1706.17578125  527.29589844]
    [1712.29650879  512.55303955]
    [1609.6583252   513.11102295]
    [1631.40209961  474.3190918 ]

 Keypoint 3D 
    [ 1.0010841  -0.00970452 -1.4844334 ]
    [ 0.8690329  -0.06780817 -1.5462769 ]
    [ 0.67800677 -0.11931317 -1.4875559 ]
    [ 0.6931099  -0.39065957 -1.4821776 ]
    [ 0.7072943 -0.6516082 -1.4781419]
    [ 1.0600591  -0.01630316 -1.6049982 ]
    [ 1.0931075  -0.28572497 -1.6193386 ]
    [ 1.1268358  -0.54479665 -1.6268169 ]
    [ 0.90257645 -0.6242     -1.5737356 ]
    [ 0.9569474 -1.0703849 -1.5952504]
    [ 1.0061151 -1.4670117 -1.6116705]
    [ 1.0881265  -0.57613486 -1.6308397 ]
    [ 1.1424974 -1.0223196 -1.6523545]
    [ 1.1916652 -1.4189465 -1.6687746]
    [ 0.9619344   0.02497583 -1.4621935 ]
    [ 0.9903739   0.04547783 -1.492815  ]
    [ 0.8490971   0.04460686 -1.488983  ]
    [ 0.9296758   0.10269583 -1.5757434 ]
2 Person(s) detected
0 th Person attributes:
 Confidence (66/100)
 Tracking ID: 0 tracking state: OK / IDLE
 3D position: [-0.11949960887432098,-0.687150239944458,-1.192497730255127]
 Velocity: [0.013321969658136368,0.002036232268437743,0.040433432906866074]
 3D dimentions: [0.5172894597053528,1.590958595275879,0.5172895789146423]
 2D mask available
 Keypoint 2D 
    [846.43634033 487.7505188 ]
    [864.65374756 663.97271729]
    [737.87304688 654.90539551]
    [744.12432861 881.86694336]
    [ 742.16705322 1101.49829102]
    [1000.40332031  673.68151855]
    [1032.6973877   910.20947266]
    [1055.3079834  1145.64001465]
    [ 786.17541504 1128.30749512]
    [ 794.98632812 1494.94970703]
    [ 801.26159668 1808.89160156]
    [ 952.80389404 1160.83300781]
    [ 957.60076904 1542.4498291 ]
    [ 960.81982422 1868.70068359]
    [829.40240479 454.40127563]
    [876.89544678 456.36526489]
    [801.88562012 476.42550659]
    [929.6383667 482.0218811]

 Keypoint 3D 
    [-0.1314677   0.05681529 -1.072391  ]
    [-0.12425938 -0.12535778 -1.1716452 ]
    [-0.26795638 -0.11966686 -1.2116729 ]
    [-0.26560274 -0.37570944 -1.2326614 ]
    [-0.26832584 -0.62271327 -1.235114  ]
    [ 0.01943762 -0.1310487  -1.1316177 ]
    [ 0.05399773 -0.38387594 -1.1614146 ]
    [ 0.07754701 -0.62974393 -1.1570936 ]
    [-0.2240241 -0.6678012 -1.2635502]
    [-0.21946602 -1.116583   -1.2963226 ]
    [-0.21632066 -1.5157306  -1.3222347 ]
    [-0.03149773 -0.67516506 -1.2098902 ]
    [-0.02693964 -1.1239469  -1.2426625 ]
    [-0.02379431 -1.5230944  -1.2685748 ]
    [-0.15130062  0.09124108 -1.0959344 ]
    [-0.10353144  0.08884151 -1.0904646 ]
    [-0.18924548  0.07343056 -1.1607602 ]
    [-0.05389947  0.06663182 -1.1452624 ]
1 th Person attributes:
 Confidence (49/100)
 Tracking ID: 1 tracking state: OK / IDLE
 3D position: [0.8811877965927124,-0.6496073603630066,-1.5658226013183594]
 Velocity: [-0.008179604075849056,0.0013187730219215155,0.0006379673723131418]
 3D dimentions: [0.5025968551635742,1.5094395875930786,0.5025968551635742]
 2D mask available
 Keypoint 2D 
    [1722.88806152  572.29907227]
    [1600.61340332  594.37628174]
    [1485.64709473  635.86889648]
    [1497.7467041   835.86938477]
    [1508.83837891 1028.4621582 ]
    [1707.04040527  555.96551514]
    [1722.33251953  737.50933838]
    [1742.07092285  910.60968018]
    [1614.58007812  978.67791748]
    [1642.79980469 1277.55041504]
    [1669.02050781 1537.96362305]
    [1715.57214355  929.87866211]
    [1741.43164062 1218.95349121]
    [1765.72937012 1470.94812012]
    [1703.54016113  546.59741211]
    [1720.9095459   528.61315918]
    [1605.25354004  522.64093018]
    [1655.66906738  475.29977417]

 Keypoint 3D 
    [ 0.9900606  -0.03496987 -1.4710237 ]
    [ 0.8747491 -0.0681909 -1.5563765]
    [ 0.68484324 -0.12192309 -1.4963468 ]
    [ 0.7001882  -0.39298573 -1.4940195 ]
    [ 0.7146361 -0.6536467 -1.4927762]
    [ 1.0646551  -0.01445873 -1.6164061 ]
    [ 1.0974779  -0.28353137 -1.6318458 ]
    [ 1.1315411 -0.5422694 -1.6388316]
    [ 0.91311127 -0.62388545 -1.5887905 ]
    [ 0.9674382 -1.0700169 -1.6114874]
    [ 1.016629  -1.4666011 -1.6288434]
    [ 1.097723  -0.573866  -1.6472416]
    [ 1.15205   -1.0199977 -1.6699386]
    [ 1.2012408 -1.4165819 -1.6872947]
    [ 9.4888735e-01 -6.3791859e-04 -1.4476262e+00]
    [ 0.98591095  0.02333192 -1.4687774 ]
    [ 0.84408957  0.03176107 -1.4906542 ]
    [ 0.94898975  0.09967561 -1.5505831 ]
2 Person(s) detected
0 th Person attributes:
 Confidence (66/100)
 Tracking ID: 0 tracking state: OK / IDLE
 3D position: [-0.11585808545351028,-0.6680431365966797,-1.1522204875946045]
 Velocity: [0.0071406238712370396,0.0009841896826401353,0.038667213171720505]
 3D dimentions: [0.5031231045722961,1.5481107234954834,0.5031230449676514]
 2D mask available
 Keypoint 2D 
    [843.68902588 475.52539062]
    [863.79412842 661.2645874 ]
    [735.55908203 648.73455811]
    [739.11444092 850.58557129]
    [ 736.21679688 1044.71435547]
    [1003.99658203  674.96405029]
    [981.24401855 859.12121582]
    [ 963.32647705 1009.7612915 ]
    [ 776.72363281 1146.17150879]
    [ 781.90948486 1529.84741211]
    [ 784.98535156 1858.1640625 ]
    [ 946.39453125 1191.18261719]
    [ 947.37084961 1595.3939209 ]
    [ 947.1864624  1940.56018066]
    [829.98358154 440.87802124]
    [875.63342285 444.12411499]
    [806.57702637 461.96115112]
    [930.6295166  471.39361572]

 Keypoint 3D 
    [-0.13100947  0.06711172 -1.0473466 ]
    [-0.1195013  -0.11692726 -1.1185511 ]
    [-0.26084518 -0.1088497  -1.1684183 ]
    [-0.26076162 -0.32758144 -1.1851783 ]
    [-0.26485702 -0.5384313  -1.1895701 ]
    [ 0.02184255 -0.12500481 -1.068684  ]
    [-2.4845081e-04 -3.2709083e-01 -1.1511322e+00]
    [-0.02035013 -0.51970047 -1.2347457 ]
    [-0.22473103 -0.6585915  -1.2090266 ]
    [-0.22468308 -1.1075119  -1.2401785 ]
    [-0.22565319 -1.5067382  -1.2650299 ]
    [-0.03639241 -0.6690664  -1.1425521 ]
    [-0.03634446 -1.1179869  -1.173704  ]
    [-0.03731459 -1.5172127  -1.1985555 ]
    [-0.14696676  0.10208627 -1.0686256 ]
    [-0.10168185  0.09797333 -1.058214  ]
    [-0.17898355  0.08611324 -1.1272641 ]
    [-0.05067636  0.0744599  -1.0977646 ]
1 th Person attributes:
 Confidence (48/100)
 Tracking ID: 1 tracking state: OK / IDLE
 3D position: [0.8874692916870117,-0.6514477133750916,-1.5704635381698608]
 Velocity: [0.003851868910714984,0.000839053827803582,0.00238063745200634]
 3D dimentions: [0.5042684078216553,1.514392375946045,0.5042685270309448]
 2D mask available
 Keypoint 2D 
    [1721.2401123   575.42297363]
    [1603.19299316  594.19439697]
    [1488.41699219  633.87036133]
    [1498.88659668  833.13287354]
    [1508.53564453 1025.05578613]
    [1709.44506836  557.46508789]
    [1724.10473633  738.20709229]
    [1743.13549805  910.40795898]
    [1612.06994629  977.51898193]
    [1639.15197754 1274.84130859]
    [1664.3782959  1533.57727051]
    [1713.05407715  930.21313477]
    [1737.74401855 1217.81591797]
    [1761.02478027 1468.22351074]
    [1703.07324219  549.30371094]
    [1723.8067627  531.0892334]
    [1605.6895752   520.90814209]
    [1664.83764648  472.95263672]

 Keypoint 3D 
    [ 0.9906282  -0.03925113 -1.4751455 ]
    [ 0.8810794  -0.06814171 -1.5611347 ]
    [ 0.6907141  -0.11957338 -1.5009284 ]
    [ 0.70393467 -0.3904951  -1.4987047 ]
    [ 0.716408   -0.65101343 -1.4973367 ]
    [ 1.0714445  -0.01671004 -1.621341  ]
    [ 1.1038651  -0.28553802 -1.6374263 ]
    [ 1.1375048 -0.5440641 -1.6451663]
    [ 0.91258866 -0.62433326 -1.594202  ]
    [ 0.9661093 -1.0704942 -1.6181998]
    [ 1.0146052 -1.4671147 -1.6366516]
    [ 1.0976734  -0.57631713 -1.6528368 ]
    [ 1.1511941 -1.0224781 -1.6768346]
    [ 1.19969   -1.4190983 -1.6952864]
    [ 0.9496518  -0.00420051 -1.4497299 ]
    [ 0.9898874   0.02003273 -1.4689459 ]
    [ 0.8466516   0.03418553 -1.4941344 ]
    [ 0.9606525   0.10284637 -1.5485793 ]
2 Person(s) detected
0 th Person attributes:
 Confidence (66/100)
 Tracking ID: 0 tracking state: OK / IDLE
 3D position: [-0.11252270638942719,-0.6435365080833435,-1.1056091785430908]
 Velocity: [0.0020689901430159807,0.0005386393168009818,0.016257742419838905]
 3D dimentions: [0.4834677278995514,1.4903488159179688,0.48346781730651855]
 2D mask available
 Keypoint 2D 
    [845.38238525 472.87255859]
    [861.79467773 664.11206055]
    [719.02734375 655.23883057]
    [716.32971191 877.05932617]
    [ 710.24053955 1091.99694824]
    [1009.01782227  673.26220703]
    [1016.05853271  915.65582275]
    [1023.24108887 1167.8984375 ]
    [ 746.61627197 1185.5135498 ]
    [ 740.28753662 1605.23254395]
    [ 734.0355835 1972.0625   ]
    [ 937.25543213 1207.98144531]
    [ 928.22454834 1635.8692627 ]
    [ 920.00482178 2009.73132324]
    [830.98797607 439.63098145]
    [877.56878662 443.54620361]
    [803.47064209 463.20452881]
    [929.45294189 474.25408936]

 Keypoint 3D 
    [-0.12928085  0.06957011 -1.0463862 ]
    [-0.12008382 -0.11839124 -1.1052265 ]
    [-0.26737043 -0.11117093 -1.1222084 ]
    [-0.27229413 -0.33986166 -1.1312468 ]
    [-0.27820274 -0.5598954  -1.1298474 ]
    [ 0.02720278 -0.12561153 -1.0882446 ]
    [ 0.03275112 -0.35003245 -1.0434134 ]
    [ 0.03804229 -0.5664405  -1.0035226 ]
    [-0.24336545 -0.6625419  -1.1414417 ]
    [-0.25327572 -1.1121721  -1.1567532 ]
    [-0.26236302 -1.5119112  -1.1679813 ]
    [-0.04490805 -0.6720708  -1.1185535 ]
    [-0.05481834 -1.1217009  -1.133865  ]
    [-0.06390563 -1.5214401  -1.1450931 ]
    [-0.14614563  0.10340446 -1.0697474 ]
    [-0.10025397  0.09895416 -1.0627857 ]
    [-0.18240911  0.08495576 -1.1287909 ]
    [-0.05238268  0.07234653 -1.1090664 ]
1 th Person attributes:
 Confidence (49/100)
 Tracking ID: 1 tracking state: OK / IDLE
 3D position: [0.8886440992355347,-0.6508046388626099,-1.5686078071594238]
 Velocity: [0.006057066842913628,0.0006488452199846506,0.00324056763201952]
 3D dimentions: [0.5039241313934326,1.5132921934127808,0.5039241313934326]
 2D mask available
 Keypoint 2D 
    [1726.66577148  567.35308838]
    [1603.70068359  594.77227783]
    [1491.40356445  634.51763916]
    [1524.953125    841.45379639]
    [1556.03955078 1042.91162109]
    [1706.58874512  558.35705566]
    [1720.0958252   744.02307129]
    [1738.41894531  920.61859131]
    [1608.65551758  978.32073975]
    [1633.47290039 1274.85852051]
    [1656.74072266 1532.2779541 ]
    [1705.36474609  930.08959961]
    [1727.71826172 1215.83410645]
    [1748.96704102 1464.05871582]
    [1708.69763184  541.0112915 ]
    [1727.00866699  523.14312744]
    [1611.26843262  518.15911865]
    [1664.32739258  471.16378784]

 Keypoint 3D 
    [ 0.99259    -0.02829325 -1.4673052 ]
    [ 0.8808328  -0.06888515 -1.5594248 ]
    [ 0.6902993  -0.11967784 -1.4912413 ]
    [ 0.72977495 -0.3965859  -1.479198  ]
    [ 0.7668515 -0.6630691 -1.4702514]
    [ 1.0713662  -0.01809246 -1.6276084 ]
    [ 1.1033617 -0.295645  -1.6455629]
    [ 1.137044  -0.5625705 -1.6547467]
    [ 0.9073855 -0.6253133 -1.5937423]
    [ 0.9587425 -1.0716102 -1.6198484]
    [ 1.0054288 -1.4683551 -1.6401937]
    [ 1.090406  -0.5783968 -1.6593347]
    [ 1.1417629 -1.0246938 -1.6854409]
    [ 1.1884493 -1.4214385 -1.7057863]
    [ 0.95223397  0.00667889 -1.4424287 ]
    [ 0.99119383  0.03053751 -1.4645674 ]
    [ 0.8487103   0.03766968 -1.4844998 ]
    [ 0.95909655  0.1052691  -1.5472265 ]
2 Person(s) detected
0 th Person attributes:
 Confidence (68/100)
 Tracking ID: 0 tracking state: OK / IDLE
 3D position: [-0.1174587607383728,-0.6635736227035522,-1.1288214921951294]
 Velocity: [-0.004263482056558132,0.0003026742779184133,0.03688054904341698]
 3D dimentions: [0.49821528792381287,1.536895990371704,0.4982151985168457]
 2D mask available
 Keypoint 2D 
    [847.00012207 482.20135498]
    [859.3336792 662.0904541]
    [719.7220459  651.05712891]
    [718.64996338 858.22668457]
    [ 713.38409424 1058.40966797]
    [1005.73797607  673.6605835 ]
    [994.69384766 863.58831787]
    [ 985.68231201 1022.74884033]
    [ 749.1739502  1169.68969727]
    [ 746.19006348 1576.3972168 ]
    [ 742.55493164 1929.29699707]
    [ 933.85162354 1200.1550293 ]
    [ 927.34906006 1618.78125   ]
    [ 921.11303711 1981.78125   ]
    [829.6182251  446.41607666]
    [877.41247559 450.42880249]
    [798.05206299 463.91497803]
    [927.4699707  475.00741577]

 Keypoint 3D 
    [-0.12736225  0.06052716 -1.0432578 ]
    [-0.12241881 -0.11623552 -1.1040163 ]
    [-0.26857024 -0.10767563 -1.1302359 ]
    [-0.27242935 -0.32351184 -1.1417999 ]
    [-0.2780424  -0.53130066 -1.1424365 ]
    [ 0.02373259 -0.1247954  -1.0777966 ]
    [ 0.01373348 -0.3300054  -1.145048  ]
    [ 0.00463212 -0.52561635 -1.2147734 ]
    [-0.24531555 -0.65849406 -1.1632562 ]
    [-0.25302207 -1.1079222  -1.184584  ]
    [-0.26040632 -1.5075332  -1.2006063 ]
    [-0.04877179 -0.6697196  -1.1279781 ]
    [-0.05647829 -1.1191477  -1.1493058 ]
    [-0.06386253 -1.5187583  -1.1653284 ]
    [-0.1461429   0.09594032 -1.0600787 ]
    [-0.09973559  0.09169862 -1.055702  ]
    [-0.18550113  0.08312522 -1.1140149 ]
    [-0.05401376  0.07110705 -1.101614  ]
1 th Person attributes:
 Confidence (48/100)
 Tracking ID: 1 tracking state: OK / IDLE
 3D position: [0.884695827960968,-0.6503470540046692,-1.5682525634765625]
 Velocity: [-0.004750503227114677,0.0002549649216234684,-0.003080696100369096]
 3D dimentions: [0.5034218430519104,1.511739730834961,0.5034218430519104]
 2D mask available
 Keypoint 2D 
    [1721.85778809  570.42352295]
    [1600.70495605  593.48461914]
    [1486.11425781  634.05413818]
    [1506.79528809  837.98822021]
    [1525.85949707 1035.42785645]
    [1706.40197754  556.06384277]
    [1720.71325684  740.0869751 ]
    [1739.51574707  915.30718994]
    [1610.29760742  976.94055176]
    [1636.62475586 1274.36279297]
    [1661.16711426 1533.0480957 ]
    [1709.88525391  928.80578613]
    [1733.81628418 1216.14892578]
    [1756.40344238 1466.21044922]
    [1704.83312988  544.18096924]
    [1723.95361328  526.36669922]
    [1608.59912109  519.16192627]
    [1663.73779297  472.30410767]

 Keypoint 3D 
    [ 0.98821527 -0.03244985 -1.4703249 ]
    [ 0.8768304  -0.06708048 -1.5598488 ]
    [ 0.6857187  -0.11950003 -1.4968728 ]
    [ 0.7104393  -0.39473644 -1.4897813 ]
    [ 0.73368096 -0.65947163 -1.4846393 ]
    [ 1.0679421  -0.01466093 -1.6228248 ]
    [ 1.1002185  -0.28869835 -1.6395046 ]
    [ 1.1338556  -0.55223656 -1.6477191 ]
    [ 0.9095244  -0.62315404 -1.5933272 ]
    [ 0.9620587 -1.0694156 -1.6176318]
    [ 1.0096936 -1.4661242 -1.6364236]
    [ 1.0937798 -0.5746579 -1.654139 ]
    [ 1.146314  -1.0209194 -1.6784437]
    [ 1.1939491 -1.4176283 -1.6972356]
    [ 0.94851726  0.00253208 -1.444475  ]
    [ 0.9880713  0.0262767 -1.465961 ]
    [ 0.84579873  0.03634777 -1.4857042 ]
    [ 0.95786864  0.10362421 -1.5465811 ]
2 Person(s) detected
0 th Person attributes:
 Confidence (66/100)
 Tracking ID: 0 tracking state: OK / IDLE
 3D position: [-0.11319399625062943,-0.6632452011108398,-1.1467410326004028]
 Velocity: [0.008544361218810081,0.0006448294734582305,-0.04397250711917877]
 3D dimentions: [0.4978976249694824,1.5354583263397217,0.49789759516716003]
 2D mask available
 Keypoint 2D 
    [844.55029297 506.0814209 ]
    [869.19128418 660.43530273]
    [740.96716309 650.07330322]
    [745.90057373 843.00610352]
    [ 744.24731445 1029.02612305]
    [1008.46917725  671.69061279]
    [999.38513184 845.89379883]
    [992.92504883 987.5112915 ]
    [ 789.51739502 1144.18835449]
    [ 797.9864502  1526.27600098]
    [ 803.78991699 1853.20410156]
    [ 961.00292969 1184.47485352]
    [ 965.26208496 1585.70446777]
    [ 967.8548584  1928.33642578]
    [828.9621582  466.34127808]
    [872.71282959 471.61428833]
    [806.38983154 470.67721558]
    [925.25640869 485.15762329]

 Keypoint 3D 
    [-0.12876457  0.03764303 -1.0358748 ]
    [-0.11370036 -0.11575875 -1.1154062 ]
    [-0.2535978  -0.10961648 -1.161497  ]
    [-0.25194502 -0.31751683 -1.178092  ]
    [-0.25447825 -0.5180157  -1.1816449 ]
    [ 0.02619707 -0.12190104 -1.0693152 ]
    [ 0.01871659 -0.31339943 -1.1516141 ]
    [ 0.01283928 -0.49524897 -1.2359644 ]
    [-0.21115537 -0.65786695 -1.211701  ]
    [-0.20718478 -1.1067041  -1.2437893 ]
    [-0.20471784 -1.5058938  -1.2691187 ]
    [-0.02136309 -0.66592646 -1.1491394 ]
    [-0.01739248 -1.1147634  -1.1812277 ]
    [-0.01492559 -1.5139529  -1.206557  ]
    [-0.1445279   0.07559087 -1.0438548 ]
    [-0.10225111  0.07003348 -1.0355644 ]
    [-0.1746777   0.07525628 -1.098969  ]
    [-0.05489344  0.05951037 -1.0754795 ]
1 th Person attributes:
 Confidence (50/100)
 Tracking ID: 1 tracking state: OK / IDLE
 3D position: [0.8828024864196777,-0.6503551602363586,-1.5682666301727295]
 Velocity: [-0.006731237750500441,0.00021540586021728814,-0.0020278976298868656]
 3D dimentions: [0.5033522248268127,1.5116524696350098,0.5033522844314575]
 2D mask available
 Keypoint 2D 
    [1721.88659668  569.89630127]
    [1600.33056641  593.30560303]
    [1484.35839844  634.23132324]
    [1497.19750977  835.7701416 ]
    [1508.92626953 1030.16149902]
    [1707.79602051  555.3817749 ]
    [1722.97949219  738.24755859]
    [1742.21289062  912.42718506]
    [1612.65100098  976.7142334 ]
    [1640.36865234 1274.59960938]
    [1666.10717773 1533.99975586]
    [1714.16931152  928.78344727]
    [1739.52600098 1217.09350586]
    [1763.34350586 1468.27722168]
    [1704.74206543  545.12365723]
    [1724.4119873   525.76715088]
    [1608.07617188  520.80456543]
    [1664.61853027  469.65029907]

 Keypoint 3D 
    [ 0.99064    -0.03182279 -1.4738753 ]
    [ 0.87665635 -0.06685419 -1.5604829 ]
    [ 0.6852506  -0.12007686 -1.5010737 ]
    [ 0.70097876 -0.39371344 -1.4972991 ]
    [ 0.71574664 -0.65685934 -1.4948466 ]
    [ 1.0680621  -0.01363151 -1.6198921 ]
    [ 1.1010289 -0.2852967 -1.6356974]
    [ 1.135023  -0.5465482 -1.6435677]
    [ 0.9127796 -0.6227251 -1.5930676]
    [ 0.96675146 -1.0688732  -1.6162854 ]
    [ 1.0156046 -1.4654777 -1.6341265]
    [ 1.0978636  -0.57339734 -1.650607  ]
    [ 1.1518353 -1.0195452 -1.6738245]
    [ 1.2006887 -1.4161499 -1.6916656]
    [ 9.4972777e-01  1.2977774e-03 -1.4465005e+00]
    [ 0.9893752   0.02709365 -1.46699   ]
    [ 0.8459081   0.03416523 -1.4871365 ]
    [ 0.9582426   0.10725352 -1.5451899 ]
2 Person(s) detected
0 th Person attributes:
 Confidence (64/100)
 Tracking ID: 0 tracking state: OK / IDLE
 3D position: [-0.10645124316215515,-0.6778252124786377,-1.1155226230621338]
 Velocity: [0.024310413748025894,0.0013005173532292247,0.15719880163669586]
 3D dimentions: [0.5092219710350037,1.569300651550293,0.5092220902442932]
 2D mask available
 Keypoint 2D 
    [839.17358398 503.9956665 ]
    [872.10424805 661.10046387]
    [741.66644287 650.92126465]
    [744.12969971 840.93902588]
    [ 742.19360352 1023.42041016]
    [1012.46795654  672.05419922]
    [1001.40930176  853.81524658]
    [ 992.78564453 1007.86383057]
    [ 778.61022949 1166.9753418 ]
    [ 782.72387695 1566.7298584 ]
    [ 785.0604248  1909.78259277]
    [ 958.85839844 1206.55517578]
    [ 958.72180176 1624.88427734]
    [ 957.79437256 1983.27783203]
    [822.20709229 468.93652344]
    [861.61810303 467.77456665]
    [808.96807861 480.34274292]
    [916.82092285 477.53436279]

 Keypoint 3D 
    [-0.13321447  0.03942498 -1.0311823 ]
    [-0.10810468 -0.1136503  -1.0887554 ]
    [-0.2457124  -0.10738656 -1.1286627 ]
    [-0.24610385 -0.3056981  -1.1421928 ]
    [-0.24903774 -0.49675587 -1.1464574 ]
    [ 0.02950303 -0.11991404 -1.048848  ]
    [ 0.02004213 -0.30947325 -1.1079116 ]
    [ 0.01200091 -0.49022603 -1.169504  ]
    [-0.21470644 -0.65708244 -1.1658373 ]
    [-0.21542493 -1.106203   -1.1939487 ]
    [-0.2168619 -1.5055803 -1.2162099]
    [-0.02279981 -0.6655931  -1.1101646 ]
    [-0.0235183 -1.1147137 -1.1382761]
    [-0.0249553 -1.5140909 -1.1605374]
    [-0.15084848  0.07309256 -1.0432974 ]
    [-0.11214633  0.07329368 -1.0306507 ]
    [-0.17203373  0.06558622 -1.09851   ]
    [-0.06237767  0.06615608 -1.0626777 ]
1 th Person attributes:
 Confidence (47/100)
 Tracking ID: 1 tracking state: OK / IDLE
 3D position: [0.8796722888946533,-0.648491621017456,-1.5638638734817505]
 Velocity: [-0.0053215972147881985,0.00021850790653843433,-0.0008146439213305712]
 3D dimentions: [0.5019370913505554,1.508083462715149,0.501937210559845]
 2D mask available
 Keypoint 2D 
    [1724.57067871  553.2479248 ]
    [1599.63415527  594.25970459]
    [1484.58752441  634.46362305]
    [1494.22583008  836.11968994]
    [1502.88891602 1030.58483887]
    [1705.88916016  557.12817383]
    [1721.1706543   739.39801025]
    [1740.41088867  913.00488281]
    [1611.14013672  980.89453125]
    [1639.20227051 1280.96569824]
    [1665.23962402 1542.23840332]
    [1712.07714844  932.68438721]
    [1737.72973633 1222.62145996]
    [1761.79882812 1475.20422363]
    [1707.34692383  528.98602295]
    [1717.80688477  510.09863281]
    [1609.67590332  514.9987793 ]
    [1642.81555176  465.00314331]

 Keypoint 3D 
    [ 0.99903554 -0.0095938  -1.4809973 ]
    [ 0.8708292  -0.06782869 -1.5518564 ]
    [ 0.68059903 -0.11952164 -1.4902053 ]
    [ 0.69199336 -0.39139104 -1.4866728 ]
    [ 0.7025995  -0.65283036 -1.4843795 ]
    [ 1.0610594  -0.01613574 -1.6135074 ]
    [ 1.0938673 -0.2858354 -1.6290321]
    [ 1.1277245 -0.5451815 -1.6368765]
    [ 0.9038796 -0.6241338 -1.5813197]
    [ 0.95793813 -1.070279   -1.6043909 ]
    [ 1.0068873 -1.4668748 -1.6221561]
    [ 1.0885116 -0.575953  -1.641233 ]
    [ 1.1425701 -1.0220981 -1.6643043]
    [ 1.191519  -1.4186939 -1.6820695]
    [ 0.95811325  0.02260557 -1.4540354 ]
    [ 0.9910043   0.04846958 -1.4825864 ]
    [ 0.84593886  0.04189761 -1.483403  ]
    [ 0.9391303   0.11517898 -1.5642973 ]
2 Person(s) detected
0 th Person attributes:
 Confidence (60/100)
 Tracking ID: 0 tracking state: OK / IDLE
 3D position: [-0.10883859544992447,-0.6386894583702087,-1.0950288772583008]
 Velocity: [-0.00688061723485589,4.07186962547712e-05,-0.09378330409526825]
 3D dimentions: [0.4782029688358307,1.4755653142929077,0.47820305824279785]
 2D mask available
 Keypoint 2D 
    [836.86608887 503.51681519]
    [861.03894043 660.42553711]
    [726.73291016 650.58349609]
    [729.0413208  844.32940674]
    [ 726.29620361 1031.1418457 ]
    [1004.82067871  670.96209717]
    [995.16723633 853.49090576]
    [ 987.76953125 1007.01507568]
    [ 764.24560547 1177.98425293]
    [ 768.02215576 1587.1817627 ]
    [ 770.03710938 1938.92443848]
    [ 949.40393066 1215.76135254]
    [ 948.90997314 1642.64306641]
    [ 947.67974854 2009.04919434]
    [819.14208984 469.29403687]
    [858.48046875 467.38009644]
    [803.81982422 481.67004395]
    [911.1517334  476.75735474]

 Keypoint 3D 
    [-0.13290997  0.03914733 -1.0124096 ]
    [-0.11679207 -0.11084865 -1.0681851 ]
    [-0.25544447 -0.10475683 -1.104583  ]
    [-0.25610623 -0.30254796 -1.1175714 ]
    [-0.259431  -0.4930992 -1.1199017]
    [ 0.02186031 -0.11694048 -1.0317872 ]
    [ 0.01358512 -0.3051255  -1.0934992 ]
    [ 0.00660855 -0.4844184  -1.1577773 ]
    [-0.225026   -0.65453035 -1.141076  ]
    [-0.22630736 -1.1037298  -1.1678767 ]
    [-0.22819892 -1.5031747  -1.1888605 ]
    [-0.03175014 -0.66280913 -1.0903226 ]
    [-0.03303154 -1.1120085  -1.1171235 ]
    [-0.03492307 -1.5114533  -1.1381071 ]
    [-0.15091869  0.0714136  -1.0240767 ]
    [-0.11324795  0.07248882 -1.0142257 ]
    [-0.17372212  0.06301287 -1.0771463 ]
    [-0.06698836  0.06605933 -1.0492351 ]
1 th Person attributes:
 Confidence (50/100)
 Tracking ID: 1 tracking state: OK / IDLE
 3D position: [0.8846920728683472,-0.6502194404602051,-1.5646638870239258]
 Velocity: [0.0031135405879467726,0.000455725472420454,0.01194597315043211]
 3D dimentions: [0.5034304857254028,1.5127124786376953,0.5034303665161133]
 2D mask available
 Keypoint 2D 
    [1725.13012695  565.26934814]
    [1603.2208252   591.23431396]
    [1488.85388184  631.55621338]
    [1499.03601074  832.50836182]
    [1508.3659668  1026.20935059]
    [1708.83081055  553.99975586]
    [1723.83532715  735.78424072]
    [1742.84606934  908.90667725]
    [1614.04260254  976.4944458 ]
    [1641.55871582 1275.55371094]
    [1667.17077637 1535.91113281]
    [1714.30786133  928.26861572]
    [1739.42724609 1217.22436523]
    [1763.08410645 1468.91821289]
    [1706.83435059  540.85040283]
    [1723.91259766  521.29779053]
    [1608.45007324  519.1026001 ]
    [1658.3861084   467.45394897]

 Keypoint 3D 
    [ 0.99454534 -0.02562088 -1.4732316 ]
    [ 0.87743586 -0.06367942 -1.5546095 ]
    [ 0.6875305  -0.11578391 -1.4927237 ]
    [ 0.6999727  -0.38734034 -1.4898387 ]
    [ 0.7116674 -0.6484721 -1.4879078]
    [ 1.0673412  -0.01157492 -1.6164954 ]
    [ 1.09989   -0.2810233 -1.6321219]
    [ 1.133523  -0.5401306 -1.6400304]
    [ 0.91096795 -0.61980546 -1.586408  ]
    [ 0.96461535 -1.065983   -1.6098067 ]
    [ 1.0132319 -1.4626106 -1.62778  ]
    [ 1.0954069 -0.5712366 -1.6466019]
    [ 1.1490543 -1.0174142 -1.6700006]
    [ 1.1976708 -1.4140418 -1.6879741]
    [ 0.95286554  0.00691188 -1.4470932 ]
    [ 0.9904466   0.03310358 -1.4695662 ]
    [ 0.84564936  0.03643003 -1.4857948 ]
    [ 0.9521292   0.11063985 -1.5494683 ]
2 Person(s) detected
0 th Person attributes:
 Confidence (56/100)
 Tracking ID: 0 tracking state: OK / IDLE
 3D position: [-0.1247190535068512,-0.6867405772209167,-1.1920762062072754]
 Velocity: [-0.022653406485915184,-0.0004944541142322123,-0.08406934142112732]
 3D dimentions: [0.5135636925697327,1.5826879739761353,0.5135636925697327]
 2D mask available
 Keypoint 2D 
    [842.38195801 520.42858887]
    [854.47454834 659.93890381]
    [728.40258789 653.90081787]
    [736.11291504 859.95874023]
    [ 736.88787842 1059.04040527]
    [991.92047119 666.52166748]
    [1011.7041626   897.65899658]
    [1031.38671875 1122.26074219]
    [ 789.09014893 1131.4041748 ]
    [ 801.67614746 1503.5982666 ]
    [ 811.25494385 1824.29089355]
    [ 952.91607666 1165.24133301]
    [ 962.52008057 1556.6763916 ]
    [ 969.82592773 1893.38366699]
    [825.41137695 486.98278809]
    [863.03466797 487.18572998]
    [805.8494873 493.4223938]
    [908.38476562 494.0765686 ]

 Keypoint 3D 
    [-0.14074649  0.02598744 -1.1146158 ]
    [-0.13601144 -0.12189674 -1.1796715 ]
    [-0.28271914 -0.1204128  -1.2305883 ]
    [-0.27757713 -0.3550438  -1.2461729 ]
    [-0.27714607 -0.5811924  -1.2481799 ]
    [ 0.01069625 -0.12338068 -1.1287549 ]
    [ 0.03074137 -0.35758334 -1.1204898 ]
    [ 0.05048045 -0.5827925  -1.1142775 ]
    [-0.21988034 -0.66891813 -1.2589668 ]
    [-0.20994498 -1.117982   -1.286223  ]
    [-0.20207658 -1.5173285  -1.3076817 ]
    [-0.03094658 -0.67073125 -1.1933867 ]
    [-0.02101123 -1.1197952  -1.2206429 ]
    [-0.01314282 -1.5191416  -1.2421016 ]
    [-0.15902548  0.06024868 -1.122432  ]
    [-0.12001118  0.05970432 -1.1161209 ]
    [-0.18731189  0.05619344 -1.1748301 ]
    [-0.07677145  0.0546511  -1.1569488 ]
1 th Person attributes:
 Confidence (49/100)
 Tracking ID: 1 tracking state: OK / IDLE
 3D position: [0.8846631050109863,-0.6511189341545105,-1.568850040435791]
 Velocity: [-0.0015605903463438153,0.00026367182726971805,-0.0016950143035501242]
 3D dimentions: [0.5041670799255371,1.514961838722229,0.5041671395301819]
 2D mask available
 Keypoint 2D 
    [1721.73632812  572.06323242]
    [1601.1583252   593.84234619]
    [1487.87634277  635.41308594]
    [1498.25354004  835.4831543 ]
    [1507.73779297 1027.95910645]
    [1705.63659668  555.50231934]
    [1720.32775879  736.45031738]
    [1739.19750977  908.7401123 ]
    [1613.54296875  977.08996582]
    [1640.71533203 1274.64074707]
    [1666.02185059 1533.53137207]
    [1712.47583008  927.87792969]
    [1737.24060059 1215.26867676]
    [1760.58007812 1465.4576416 ]
    [1704.76782227  549.22705078]
    [1724.5111084   528.28826904]
    [1607.89440918  524.70654297]
    [1664.52087402  469.07141113]

 Keypoint 3D 
    [ 0.99286896 -0.03480722 -1.4774913 ]
    [ 0.87681246 -0.06753621 -1.5586756 ]
    [ 0.687556   -0.12124841 -1.495661  ]
    [ 0.7009641  -0.39251146 -1.4942081 ]
    [ 0.71357405 -0.6533583  -1.4936751 ]
    [ 1.0660689  -0.01382403 -1.6216903 ]
    [ 1.0985138  -0.28299448 -1.6378185 ]
    [ 1.1321789  -0.54183894 -1.6459734 ]
    [ 0.91397357 -0.6232032  -1.5929005 ]
    [ 0.96763384 -1.0693468  -1.6169102 ]
    [ 1.0162838 -1.4659452 -1.6354233]
    [ 1.0976932 -0.5732769 -1.6541743]
    [ 1.1513535 -1.0194205 -1.6781839]
    [ 1.2000034 -1.4160191 -1.6966971]
    [ 0.95100754 -0.00409583 -1.4483981 ]
    [ 0.9897089   0.02374102 -1.4672887 ]
    [ 0.8458873  0.0289052 -1.487531 ]
    [ 0.95554125  0.1077763  -1.5410545 ]
