


2 Person(s) detected

1 th Person attributes:

 Confidence (43/100)
 Tracking ID: 0 tracking state: OFF / IDLE
 3D position: [-0.09230005741119385,-0.8727412819862366,-0.8896674513816833]
 Velocity: [nan,nan,nan]
 3D dimentions: [0.4167015850543976,1.8524744510650635,0.4167015552520752]
 2D mask available
 Keypoint 2D 
    [905.72662354 515.31115723]
    [852.03222656 668.92987061]
    [662.09832764 666.51403809]
    [ 646.60467529 1057.52746582]
    [ 638.11279297 1451.75305176]
    [983.33331299 670.60003662]
    [1023.73736572  923.18029785]
    [1058.77026367 1156.23168945]
    [ 714.53063965 1445.27429199]
    [ 692.46881104 2126.21142578]
    [ 673.871521  2772.7434082]
    [ 887.78100586 1310.55859375]
    [ 874.24023438 1865.42944336]
    [ 863.66607666 2386.09741211]
    [865.32171631 480.37561035]
    [906.07202148 486.8788147 ]
    [764.66577148 490.07827759]
    [881.293396   506.06051636]

 Keypoint 3D 
    [-0.06031728  0.02452401 -0.87708867]
    [-0.10747773 -0.10197169 -0.91460145]
    [-0.21677335 -0.08171979 -0.74766576]
    [-0.22318825 -0.3408473  -0.73417574]
    [-0.22364321 -0.58986235 -0.71747816]
    [ 0.00181788 -0.12222362 -1.081537  ]
    [ 0.04232332 -0.37767252 -1.1033399 ]
    [ 0.07898594 -0.6235188  -1.1257672 ]
    [-0.18979034 -0.6392642  -0.78317064]
    [-0.19909745 -1.0885109  -0.7588613 ]
    [-0.20554148 -1.4878083  -0.73605925]
    [-0.08078059 -0.659039   -0.94968146]
    [-0.09008771 -1.1082855  -0.9253721 ]
    [-0.09653173 -1.5075831  -0.9025701 ]
    [-0.09237297  0.05227494 -0.87599593]
    [-0.0624081   0.04902058 -0.911649  ]
    [-0.17491381  0.04520453 -0.88868284]
    [-0.09001336  0.03598385 -0.9896998 ]

2 th Person attributes:

 Confidence (46/100)
 Tracking ID: 1 tracking state: OFF / IDLE
 3D position: [0.887161910533905,-0.6476468443870544,-1.626194953918457]
 Velocity: [nan,nan,nan]
 3D dimentions: [0.5125160813331604,1.5750483274459839,0.5125160813331604]
 2D mask available
 Keypoint 2D 
    [1732.81628418  522.2522583 ]
    [1580.21179199  616.83294678]
    [1481.1472168  631.4619751]
    [1478.37866211  812.01403809]
    [1485.96020508  985.55493164]
    [1669.96520996  603.57879639]
    [1664.89294434  767.76940918]
    [1671.10266113  925.43786621]
    [1515.7565918   986.78601074]
    [1511.97485352 1272.12744141]
    [1510.64489746 1517.52111816]
    [1607.84130859  956.50109863]
    [1602.32849121 1229.4296875 ]
    [1599.58581543 1464.48864746]
    [1716.91259766  495.765625  ]
    [1721.77282715  476.98974609]
    [1622.38354492  501.18096924]
    [1642.50854492  450.75064087]

 Keypoint 3D 
    [ 1.0348632   0.03286362 -1.5172728 ]
    [ 0.872459   -0.10305335 -1.6051962 ]
    [ 0.6922003  -0.11823772 -1.5260422 ]
    [ 0.69880944 -0.37395063 -1.549197  ]
    [ 0.712297   -0.62047046 -1.5553663 ]
    [ 1.0527176  -0.08786901 -1.6843504 ]
    [ 1.0593269 -0.343582  -1.7075052]
    [ 1.0728145  -0.59010166 -1.7136747 ]
    [ 0.79476434 -0.6555278  -1.6386558 ]
    [ 0.8066139 -1.1039057 -1.6749434]
    [ 0.81856   -1.5026686 -1.7040215]
    [ 0.9773494 -0.6403567 -1.7188588]
    [ 0.9891989 -1.0887346 -1.7551466]
    [ 1.0011451 -1.4874977 -1.7842245]
    [ 0.99138284  0.06786837 -1.484956  ]
    [ 1.0272119   0.09591251 -1.528522  ]
    [ 0.8740089   0.06127316 -1.502237  ]
    [ 0.97552496  0.14073157 -1.6256737 ]



2 Person(s) detected

1 th Person attributes:

 Confidence (43/100)
 Tracking ID: 0 tracking state: OK / IDLE
 3D position: [-0.08700904250144958,-0.8341208696365356,-0.8704348802566528]
 Velocity: [0.004254148807376623,7.211154297692701e-05,-0.059159401804208755]
 3D dimentions: [0.39732417464256287,1.770688772201538,0.39732423424720764]
 2D mask available
 Keypoint 2D 
    [918.68548584 508.97402954]
    [857.60882568 667.9855957 ]
    [675.05578613 665.94464111]
    [ 660.51739502 1095.95581055]
    [ 653.20068359 1531.96728516]
    [977.50634766 669.32611084]
    [1019.54272461  915.82781982]
    [1054.04638672 1130.71240234]
    [ 734.2711792  1479.23461914]
    [ 715.45123291 2197.66796875]
    [ 700.10498047 2885.59936523]
    [ 890.75518799 1325.76672363]
    [ 880.27355957 1898.80151367]
    [ 872.68200684 2439.60620117]
    [876.35620117 472.93502808]
    [914.52813721 481.37542725]
    [767.3807373  482.16262817]
    [879.98242188 503.10656738]

 Keypoint 3D 
    [-0.04911034  0.02904399 -0.861495  ]
    [-0.10021706 -0.09859958 -0.8912084 ]
    [-0.19655158 -0.07686456 -0.7065859 ]
    [-0.20132431 -0.3448885  -0.6909609 ]
    [-0.20061679 -0.6024687  -0.6731865 ]
    [-0.00388256 -0.12033457 -1.0758309 ]
    [ 0.03907761 -0.37959197 -1.1310011 ]
    [ 0.07807519 -0.628996   -1.1852304 ]
    [-0.16834532 -0.63543725 -0.7501498 ]
    [-0.17470556 -1.0845975  -0.72341806]
    [-0.1784625 -1.4838138 -0.6986711]
    [-0.07631114 -0.6557764  -0.9265471 ]
    [-0.08267139 -1.1049368  -0.8998154 ]
    [-0.08642833 -1.5041528  -0.8750684 ]
    [-0.0817311   0.05689224 -0.85643214]
    [-0.05453189  0.05272612 -0.8972027 ]
    [-0.1667684   0.04981166 -0.858043  ]
    [-0.08970398  0.03800767 -0.9735595 ]

2 th Person attributes:

 Confidence (49/100)
 Tracking ID: 1 tracking state: OK / IDLE
 3D position: [0.8789507746696472,-0.6523258686065674,-1.6233234405517578]
 Velocity: [-0.029426105320453644,-0.0008827678393572569,0.028499016538262367]
 3D dimentions: [0.5159337520599365,1.5849543809890747,0.5159338116645813]
 2D mask available
 Keypoint 2D 
    [1732.8404541   522.74743652]
    [1577.4720459   616.92138672]
    [1476.86853027  631.61645508]
    [1474.25854492  811.465271  ]
    [1482.39733887  984.5635376 ]
    [1668.9239502   603.56304932]
    [1663.89038086  767.66625977]
    [1670.68762207  925.42828369]
    [1512.30480957  986.54217529]
    [1508.73242188 1271.47338867]
    [1507.56848145 1516.3659668 ]
    [1606.14440918  956.6875    ]
    [1600.75231934 1229.6328125 ]
    [1598.11035156 1464.5579834 ]
    [1718.46264648  495.43704224]
    [1722.77148438  477.91168213]
    [1626.81628418  500.7956543 ]
    [1645.31018066  453.65866089]

 Keypoint 3D 
    [ 1.0308344   0.03205524 -1.5113175 ]
    [ 0.86700493 -0.10300864 -1.6024945 ]
    [ 0.6863146  -0.11845893 -1.5261347 ]
    [ 0.69323677 -0.3732982  -1.549692  ]
    [ 0.7071998 -0.6190122 -1.5552193]
    [ 1.0476954  -0.08755835 -1.6788542 ]
    [ 1.0546175 -0.3423976 -1.7024117]
    [ 1.0685804  -0.58811164 -1.7079388 ]
    [ 0.7898554 -0.6553525 -1.6391243]
    [ 0.80222905 -1.1036614  -1.6760826 ]
    [ 0.81460834 -1.5023706  -1.705712  ]
    [ 0.9735167 -0.6398689 -1.7167696]
    [ 0.9858903 -1.0881779 -1.7537279]
    [ 0.99826974 -1.4868869  -1.7833573 ]
    [ 0.98954123  0.068041   -1.4790802 ]
    [ 1.0247065   0.09427524 -1.5227394 ]
    [ 0.87549186  0.06147828 -1.4944496 ]
    [ 0.9751261   0.13580865 -1.618151  ]



2 Person(s) detected

1 th Person attributes:

 Confidence (44/100)
 Tracking ID: 0 tracking state: OK / IDLE
 3D position: [-0.08880791068077087,-0.887483537197113,-0.941508948802948]
 Velocity: [0.010178145952522755,0.0002764509408734739,-0.05358384549617767]
 3D dimentions: [0.4235683083534241,1.8856250047683716,0.4235682189464569]
 2D mask available
 Keypoint 2D 
    [822.24145508 513.23840332]
    [861.18469238 668.20013428]
    [686.70092773 665.30603027]
    [ 678.41870117 1020.5557251 ]
    [ 668.68804932 1375.87719727]
    [989.26416016 670.32458496]
    [1030.54956055  923.28839111]
    [1068.22119141 1168.97570801]
    [ 748.53857422 1391.16662598]
    [ 740.48626709 2034.46789551]
    [ 715.64111328 2620.27734375]
    [ 918.67456055 1278.89904785]
    [ 917.47485352 1813.50549316]
    [ 899.85888672 2298.11328125]
    [771.73522949 490.75009155]
    [846.1171875  483.77258301]
    [688.27966309 522.06628418]
    [882.78588867 502.30856323]

 Keypoint 3D 
    [-0.12990302  0.02681714 -0.8986286 ]
    [-0.10715477 -0.10875019 -0.9812291 ]
    [-0.22230494 -0.08988857 -0.8307377 ]
    [-0.22374372 -0.3502697  -0.8132647 ]
    [-0.22644019 -0.6006905  -0.79746133]
    [ 0.00799538 -0.12761183 -1.1317205 ]
    [ 0.0500943  -0.38506666 -1.124619  ]
    [ 0.08815726 -0.63304526 -1.1195816 ]
    [-0.177965   -0.64560884 -0.8415865 ]
    [-0.17722267 -1.0945033  -0.8100734 ]
    [-0.19146974 -1.4939017  -0.793401  ]
    [-0.05699708 -0.664999   -0.9996712 ]
    [-0.05625474 -1.1138935  -0.96815807]
    [-0.07050181 -1.513292   -0.95148575]
    [-0.17475694  0.04612649 -0.91781205]
    [-0.1157122   0.05328888 -0.9416472 ]
    [-0.2613019   0.02142956 -0.9817244 ]
    [-0.09400848  0.04172302 -1.0492573 ]

2 th Person attributes:

 Confidence (49/100)
 Tracking ID: 1 tracking state: OK / IDLE
 3D position: [0.8823028802871704,-0.6462695598602295,-1.6242775917053223]
 Velocity: [0.012242867611348629,0.00034950493136420846,-0.038983408361673355]
 3D dimentions: [0.5113052129745483,1.570509910583496,0.5113050937652588]
 2D mask available
 Keypoint 2D 
    [1732.22436523  529.18151855]
    [1580.22949219  620.01049805]
    [1481.765625    636.42724609]
    [1479.65039062  816.39831543]
    [1489.22058105  989.85583496]
    [1669.41052246  605.14141846]
    [1664.86242676  768.8215332 ]
    [1673.02001953  926.3359375 ]
    [1518.10266113  989.22424316]
    [1515.33618164 1273.3001709 ]
    [1514.89953613 1517.33776855]
    [1609.48730469  957.36883545]
    [1604.9041748  1229.11157227]
    [1602.98303223 1462.90209961]
    [1717.57983398  502.30239868]
    [1725.11889648  483.99053955]
    [1625.86279297  506.56954956]
    [1652.48852539  457.43609619]

 Keypoint 3D 
    [ 1.0253096   0.02312236 -1.504451  ]
    [ 0.8725281 -0.107689  -1.6052756]
    [ 0.69297534 -0.12510152 -1.5258622 ]
    [ 0.7008725 -0.3802654 -1.549804 ]
    [ 0.71657795 -0.6262612  -1.5546664 ]
    [ 1.0520809  -0.09027646 -1.6846889 ]
    [ 1.0599779  -0.34544036 -1.7086308 ]
    [ 1.0756835 -0.5914361 -1.7134931]
    [ 0.80001396 -0.660608   -1.6422683 ]
    [ 0.8140304 -1.1088293 -1.6797009]
    [ 0.8279264 -1.5074553 -1.7097723]
    [ 0.98221606 -0.6432159  -1.7228905 ]
    [ 0.99623245 -1.0914372  -1.760323  ]
    [ 1.0101286 -1.4900631 -1.7903945]
    [ 0.98411727  0.05857068 -1.4727372 ]
    [ 1.0214366   0.08532801 -1.5130891 ]
    [ 0.87357026  0.05360659 -1.4933761 ]
    [ 0.9793086   0.12941901 -1.6077064 ]



2 Person(s) detected

1 th Person attributes:

 Confidence (46/100)
 Tracking ID: 0 tracking state: OK / IDLE
 3D position: [-0.10432405024766922,-1.0802862644195557,-1.1478819847106934]
 Velocity: [0.008950003422796726,0.0002891872136387974,0.014441365376114845]
 3D dimentions: [0.5210544466972351,2.297673225402832,0.5210546255111694]
 2D mask available
 Keypoint 2D 
    [810.92230225 527.55505371]
    [863.59857178 667.11669922]
    [735.00604248 661.25085449]
    [746.7522583  886.06976318]
    [ 749.97961426 1104.9387207 ]
    [1017.03057861  674.11560059]
    [1040.05944824  929.11584473]
    [1040.9786377  1182.49328613]
    [ 820.78503418 1161.71508789]
    [ 839.49664307 1562.97888184]
    [ 855.25897217 1915.41003418]
    [ 973.02313232 1217.52807617]
    [ 992.23614502 1657.48535156]
    [1008.4777832  2043.44238281]
    [811.27526855 502.33761597]
    [840.11901855 500.97091675]
    [827.11816406 516.82122803]
    [914.04638672 515.26513672]

 Keypoint 3D 
    [-0.17310485  0.01883383 -1.1180143 ]
    [-0.12140942 -0.12462429 -1.1345261 ]
    [-0.27620634 -0.12902723 -1.2344503 ]
    [-0.2644576 -0.3830129 -1.2410876]
    [-0.25994998 -0.62749755 -1.2369407 ]
    [ 0.03338752 -0.12022133 -1.0346019 ]
    [ 0.05678607 -0.37129015 -1.0678847 ]
    [ 0.0575767  -0.61584324 -1.0660236 ]
    [-0.17643172 -0.67588115 -1.2094381 ]
    [-0.15713446 -1.125363   -1.219109  ]
    [-0.14057055 -1.5249462  -1.226791  ]
    [-0.00845414 -0.6710613  -1.1009929 ]
    [ 0.01084309 -1.1205431  -1.1106639 ]
    [ 0.02740701 -1.5201263  -1.1183459 ]
    [-0.17880955  0.04598691 -1.1572535 ]
    [-0.140422    0.04484064 -1.0942442 ]
    [-0.17373297  0.03296607 -1.239799  ]
    [-0.06496823  0.02971829 -1.0612729 ]

2 th Person attributes:

 Confidence (47/100)
 Tracking ID: 1 tracking state: OK / IDLE
 3D position: [0.8781912922859192,-0.6487635970115662,-1.6188479661941528]
 Velocity: [-0.010022345930337906,-0.00028994749300181866,0.021391334012150764]
 3D dimentions: [0.5131284594535828,1.5756967067718506,0.5131285786628723]
 2D mask available
 Keypoint 2D 
    [1730.59692383  526.49658203]
    [1576.56359863  615.81750488]
    [1477.93164062  632.7598877 ]
    [1476.30603027  812.77026367]
    [1486.82299805  986.38452148]
    [1665.90368652  600.47119141]
    [1661.76367188  764.22161865]
    [1670.8392334   921.87493896]
    [1515.35400391  986.66113281]
    [1513.3737793  1271.70361328]
    [1513.62463379 1516.44628906]
    [1607.19177246  954.16662598]
    [1603.32458496 1226.81799316]
    [1602.03320312 1461.2755127 ]
    [1722.1809082   501.00668335]
    [1724.56274414  481.37084961]
    [1636.37854004  506.37210083]
    [1649.3560791   453.34884644]

 Keypoint 3D 
    [ 1.0281278   0.02692123 -1.5118635 ]
    [ 0.8627893  -0.10106374 -1.5971369 ]
    [ 0.6842059  -0.11941799 -1.5181875 ]
    [ 0.69279426 -0.37334344 -1.5422949 ]
    [ 0.70948833 -0.6181333  -1.546588  ]
    [ 1.0413725  -0.08270948 -1.6760861 ]
    [ 1.049961  -0.336635  -1.7001934]
    [ 1.066655   -0.58142483 -1.7044866 ]
    [ 0.7927523 -0.6541761 -1.6357404]
    [ 0.80805546 -1.1023258  -1.6735234 ]
    [ 0.82310444 -1.5008878  -1.7038873 ]
    [ 0.97488207 -0.63576615 -1.7162997 ]
    [ 0.9901854 -1.0839158 -1.7540827]
    [ 1.0052344 -1.4824778 -1.7844466]
    [ 0.99107814  0.06035222 -1.4739412 ]
    [ 1.0236332  0.0891843 -1.5174778]
    [ 0.8806752   0.05344032 -1.4813478 ]
    [ 0.97291493  0.1351312  -1.6047014 ]



2 Person(s) detected

1 th Person attributes:

 Confidence (47/100)
 Tracking ID: 0 tracking state: OK / IDLE
 3D position: [-0.10110291093587875,-1.0419435501098633,-1.1097135543823242]
 Velocity: [0.005270455963909626,0.00018848388572223485,0.0258758757263422]
 3D dimentions: [0.5070154070854187,2.2179768085479736,0.5070153474807739]
 2D mask available
 Keypoint 2D 
    [805.85803223 517.71209717]
    [855.89581299 665.43719482]
    [773.59838867 657.33239746]
    [797.75012207 879.99200439]
    [ 816.69812012 1092.85144043]
    [964.10522461 676.09387207]
    [1023.15093994  928.53735352]
    [1021.32495117 1178.59509277]
    [ 868.47723389 1164.86108398]
    [ 910.90478516 1566.11474609]
    [ 944.99743652 1916.96447754]
    [ 977.95068359 1253.61779785]
    [1025.2857666  1715.36950684]
    [1063.31286621 2118.03271484]
    [811.15258789 491.75592041]
    [827.24255371 490.17892456]
    [835.02471924 507.58120728]
    [884.78948975 505.04125977]

 Keypoint 3D 
    [-0.17167419  0.02776117 -1.0768018 ]
    [-0.12413577 -0.11794731 -1.0888542 ]
    [-0.23343182 -0.1248892  -1.2369564 ]
    [-0.20778474 -0.37758958 -1.2457864 ]
    [-0.18717565 -0.6210343  -1.2512648 ]
    [-0.01483972 -0.11100542 -0.9407521 ]
    [ 0.0381513  -0.35013956 -1.0085757 ]
    [ 0.03737259 -0.59326446 -1.033269  ]
    [-0.12197722 -0.6678785  -1.1890413 ]
    [-0.077176  -1.1153735 -1.2045728]
    [-0.04028078 -1.5134984  -1.216201  ]
    [-0.00329602 -0.6604015  -1.0282345 ]
    [ 0.04150522 -1.1078964  -1.0437658 ]
    [ 0.07840043 -1.5060215  -1.0553939 ]
    [-0.17096247  0.05455809 -1.1056703 ]
    [-0.14823873  0.05375702 -1.0587192 ]
    [-0.15511647  0.04080894 -1.1667068 ]
    [-0.09073254  0.03853925 -1.0336783 ]

2 th Person attributes:

 Confidence (49/100)
 Tracking ID: 1 tracking state: OK / IDLE
 3D position: [0.8797587156295776,-0.6538780927658081,-1.62361741065979]
 Velocity: [-0.01634768582880497,-0.00048293150030076504,0.02888193167746067]
 3D dimentions: [0.5171124339103699,1.587188720703125,0.5171124935150146]
 2D mask available
 Keypoint 2D 
    [1729.88720703  530.37268066]
    [1577.51843262  620.08203125]
    [1478.93347168  636.77380371]
    [1477.21569824  816.10900879]
    [1487.69665527  989.21325684]
    [1666.89501953  604.94921875]
    [1662.6953125   768.21594238]
    [1671.78540039  925.5256958 ]
    [1516.03356934  989.76525879]
    [1513.88891602 1274.07763672]
    [1513.9798584  1518.28308105]
    [1607.92785645  957.66577148]
    [1603.91882324 1229.71069336]
    [1602.48730469 1463.7265625 ]
    [1721.25061035  503.9901123 ]
    [1724.62780762  485.27853394]
    [1635.20153809  507.96142578]
    [1650.81762695  457.55990601]

 Keypoint 3D 
    [ 1.0295323   0.02165149 -1.5153646 ]
    [ 0.86714447 -0.10761539 -1.6026275 ]
    [ 0.68826264 -0.12543769 -1.5241139 ]
    [ 0.69666487 -0.3794322  -1.5480653 ]
    [ 0.7132052  -0.62428457 -1.5520068 ]
    [ 1.0460262  -0.08979306 -1.6811411 ]
    [ 1.0544285  -0.34378755 -1.7050925 ]
    [ 1.0709687  -0.58863986 -1.7090341 ]
    [ 0.7960129  -0.66065407 -1.64038   ]
    [ 0.81096196 -1.1088365  -1.677918  ]
    [ 0.82567924 -1.5074264  -1.708077  ]
    [ 0.9784018 -0.6427767 -1.7204719]
    [ 0.9933508 -1.090959  -1.7580098]
    [ 1.0080682 -1.4895488 -1.7881688]
    [ 0.9927674   0.05652739 -1.4783101 ]
    [ 1.0265926   0.08403618 -1.5217315 ]
    [ 0.8826479   0.05151059 -1.487339  ]
    [ 0.9784861   0.12945217 -1.6103663 ]



2 Person(s) detected

1 th Person attributes:

 Confidence (46/100)
 Tracking ID: 0 tracking state: OK / IDLE
 3D position: [-0.10227501392364502,-0.9910311698913574,-1.0516870021820068]
 Velocity: [-0.008497427217662334,-0.00021869897318538278,0.04732939228415489]
 3D dimentions: [0.48588088154792786,2.1090190410614014,0.48588085174560547]
 2D mask available
 Keypoint 2D 
    [792.5836792  538.25842285]
    [851.9675293  667.12756348]
    [730.85406494 659.10394287]
    [735.81573486 884.52545166]
    [ 741.36529541 1099.45861816]
    [992.84832764 676.46087646]
    [1029.20483398  944.96343994]
    [1064.84790039 1215.26623535]
    [ 782.44940186 1196.41003418]
    [ 791.67248535 1628.06713867]
    [ 801.5067749  2004.42822266]
    [ 946.78955078 1260.25231934]
    [ 955.8583374  1734.03540039]
    [ 965.34484863 2146.3449707 ]
    [826.21002197 515.81365967]
    [812.10150146 497.05264282]
    [877.11761475 561.01489258]
    [842.45245361 511.43884277]

 Keypoint 3D 
    [-0.17049482  0.00708843 -0.99425495]
    [-0.12590754 -0.11764558 -1.0708983 ]
    [-0.26203144 -0.11813315 -1.1516974 ]
    [-0.25762784 -0.35489133 -1.1552122 ]
    [-0.2527728 -0.5825131 -1.159638 ]
    [ 0.01021632 -0.117158   -0.9900991 ]
    [ 0.04198633 -0.3509063  -0.96915686]
    [ 0.07171646 -0.57564616 -0.9476401 ]
    [-0.20439637 -0.66782373 -1.1312628 ]
    [-0.19607951 -1.1176969  -1.1379648 ]
    [-0.18728076 -1.5175136  -1.1462913 ]
    [-0.03241222 -0.6672069  -1.0291792 ]
    [-0.02409537 -1.1170801  -1.0358812 ]
    [-0.0152966 -1.5168967 -1.0442077]
    [-0.14454895  0.02820595 -1.0255023 ]
    [-0.14998806  0.04344255 -0.9754565 ]
    [-0.10027501 -0.01431901 -1.0584131 ]
    [-0.11568576  0.02885138 -0.9166166 ]

2 th Person attributes:

 Confidence (47/100)
 Tracking ID: 1 tracking state: OK / IDLE
 3D position: [0.8837190270423889,-0.648745059967041,-1.6266365051269531]
 Velocity: [0.013735157437622547,0.00039713471778668463,-0.03237425163388252]
 3D dimentions: [0.5133795142173767,1.5754621028900146,0.5133795738220215]
 2D mask available
 Keypoint 2D 
    [1731.31982422  524.8737793 ]
    [1580.25524902  616.84631348]
    [1482.44628906  631.61657715]
    [1479.41320801  811.02435303]
    [1488.79199219  984.22991943]
    [1668.8203125   603.47198486]
    [1663.48303223  766.54968262]
    [1671.59729004  923.74163818]
    [1514.86706543  985.57977295]
    [1510.81921387 1269.77575684]
    [1509.28796387 1513.99194336]
    [1606.12487793  955.04705811]
    [1600.33789062 1226.79138184]
    [1597.38525391 1460.65722656]
    [1721.07226562  498.02566528]
    [1725.84130859  479.79263306]
    [1633.89611816  502.48153687]
    [1653.2590332   453.40319824]

 Keypoint 3D 
    [ 1.0306436   0.02919163 -1.5141019 ]
    [ 0.87379044 -0.10322266 -1.6075288 ]
    [ 0.6947976  -0.11858802 -1.5277961 ]
    [ 0.70132506 -0.3731231  -1.5515436 ]
    [ 0.7162179 -0.6185328 -1.5551981]
    [ 1.0527834  -0.08785731 -1.6872616 ]
    [ 1.0593109 -0.3423924 -1.7110091]
    [ 1.0742037 -0.587802  -1.7146637]
    [ 0.7955678 -0.6554858 -1.6430482]
    [ 0.80738974 -1.1037924  -1.6802142 ]
    [ 0.8193459 -1.5024993 -1.7100425]
    [ 0.9777071 -0.6400757 -1.7242134]
    [ 0.9895291 -1.0883824 -1.7613795]
    [ 1.0014851 -1.4870895 -1.7912078]
    [ 0.99265766  0.06454007 -1.4785032 ]
    [ 1.0282425   0.09161212 -1.5216923 ]
    [ 0.8827509   0.05903427 -1.4904888 ]
    [ 0.9835744   0.13573839 -1.6128575 ]



2 Person(s) detected

1 th Person attributes:

 Confidence (49/100)
 Tracking ID: 0 tracking state: OK / IDLE
 3D position: [-0.10164374113082886,-0.9812196493148804,-1.0459500551223755]
 Velocity: [-0.002001470420509577,-5.1274833822390065e-05,0.010767554864287376]
 3D dimentions: [0.4841464161872864,2.090085744857788,0.484146386384964]
 2D mask available
 Keypoint 2D 
    [801.73547363 494.98916626]
    [850.70703125 666.81658936]
    [742.07946777 661.75604248]
    [752.61706543 889.47332764]
    [ 762.75317383 1109.19042969]
    [986.70581055 673.15234375]
    [1016.05822754  921.02539062]
    [ 998.87884521 1169.05419922]
    [ 811.65979004 1213.38830566]
    [ 832.28759766 1666.74658203]
    [ 854.04669189 2067.90258789]
    [ 956.30633545 1296.38317871]
    [ 980.4085083  1813.36950684]
    [1005.25543213 2270.59301758]
    [811.06097412 470.38995361]
    [825.37664795 463.54003906]
    [837.07385254 496.65493774]
    [882.42193604 480.27706909]

 Keypoint 3D 
    [-0.16894531  0.04805081 -1.035381  ]
    [-0.12342691 -0.11392261 -1.0396807 ]
    [-0.25123262 -0.12135875 -1.1560105 ]
    [-0.23976015 -0.3597076  -1.1540171 ]
    [-0.22875524 -0.58889014 -1.1520715 ]
    [ 0.0043788  -0.10648649 -0.92335093]
    [ 0.03093002 -0.3353755  -0.9854042 ]
    [ 0.01575141 -0.56401485 -0.9973712 ]
    [-0.16988073 -0.6675071  -1.1019559 ]
    [-0.1487092 -1.1169914 -1.0979939]
    [-0.12698373 -1.5164008  -1.0976734 ]
    [-0.02211029 -0.6589241  -0.9674559 ]
    [-9.3875726e-04 -1.1084082e+00 -9.6349382e-01]
    [ 0.02078671 -1.5078177  -0.9631734 ]
    [-0.16510086  0.07335822 -1.0671873 ]
    [-0.14442912  0.07639587 -1.0191818 ]
    [-0.14756225  0.05053731 -1.1256366 ]
    [-0.08899231  0.05914403 -0.989621  ]

2 th Person attributes:

 Confidence (41/100)
 Tracking ID: 1 tracking state: OK / IDLE
 3D position: [0.8808770775794983,-0.6515831351280212,-1.6238434314727783]
 Velocity: [-0.008774657733738422,-0.00025036250008270144,0.02259804680943489]
 3D dimentions: [0.5153936147689819,1.581123948097229,0.5153937935829163]
 2D mask available
 Keypoint 2D 
    [1730.453125    528.07562256]
    [1577.49694824  620.08483887]
    [1478.43505859  636.28845215]
    [1476.35949707  815.77868652]
    [1486.58703613  989.13494873]
    [1667.35595703  605.38659668]
    [1662.83544922  768.86627197]
    [1671.74133301  926.4730835 ]
    [1515.0612793   989.45294189]
    [1512.39135742 1273.79797363]
    [1512.02661133 1518.13122559]
    [1607.3338623   957.92492676]
    [1602.83190918 1230.06958008]
    [1600.97338867 1464.26086426]
    [1721.23657227  501.18963623]
    [1724.70446777  482.96051025]
    [1635.13806152  505.99414062]
    [1651.09069824  456.86297607]

 Keypoint 3D 
    [ 1.0288249   0.02477567 -1.5131793 ]
    [ 0.8678091  -0.10770595 -1.6039137 ]
    [ 0.68832725 -0.12490294 -1.5257852 ]
    [ 0.6961418 -0.3793387 -1.5495794]
    [ 0.71215355 -0.6246231  -1.553123  ]
    [ 1.0472908  -0.09050893 -1.6820421 ]
    [ 1.0551053 -0.3449447 -1.7058363]
    [ 1.0711172 -0.5902291 -1.70938  ]
    [ 0.79501736 -0.6605646  -1.6413134 ]
    [ 0.8089701 -1.1088068 -1.678518 ]
    [ 0.82279307 -1.5074515  -1.7083725 ]
    [ 0.97770137 -0.64333117 -1.7208723 ]
    [ 0.991654  -1.0915735 -1.758077 ]
    [ 1.005477  -1.490218  -1.7879312]
    [ 0.9917025   0.06022207 -1.4767523 ]
    [ 1.0261015   0.08718759 -1.5208466 ]
    [ 0.88181275  0.0541208  -1.4860759 ]
    [ 0.97927666  0.13052312 -1.6110098 ]



2 Person(s) detected

1 th Person attributes:

 Confidence (50/100)
 Tracking ID: 0 tracking state: OK / IDLE
 3D position: [-0.1051894873380661,-1.082234501838684,-1.1509788036346436]
 Velocity: [0.01500640157610178,0.0005148999625816941,0.04486183449625969]
 3D dimentions: [0.539402961730957,2.3060550689697266,0.5394029021263123]
 2D mask available
 Keypoint 2D 
    [827.73443604 516.03424072]
    [862.07702637 666.91064453]
    [750.72912598 660.19018555]
    [765.11694336 869.9050293 ]
    [ 771.47912598 1072.28564453]
    [993.50366211 674.84289551]
    [1027.26293945  917.7845459 ]
    [1044.04931641 1159.16662598]
    [ 829.99285889 1150.71118164]
    [ 854.56933594 1537.67346191]
    [ 874.2598877 1874.0579834]
    [ 976.62817383 1209.49255371]
    [1001.16040039 1634.55847168]
    [1020.87792969 2003.21813965]
    [828.2991333  486.04620361]
    [852.81982422 488.9671936 ]
    [835.30529785 498.87197876]
    [902.83032227 507.32543945]

 Keypoint 3D 
    [-0.15217885  0.02977087 -1.0903369 ]
    [-0.1230336  -0.12446988 -1.1350533 ]
    [-0.2574299  -0.12726675 -1.2289275 ]
    [-0.24363568 -0.3646043  -1.2404187 ]
    [-0.23681633 -0.5933568  -1.2422266 ]
    [ 0.01136272 -0.121673   -1.041179  ]
    [ 0.0439575  -0.35686713 -1.057694  ]
    [ 0.05971417 -0.58509684 -1.0513388 ]
    [-0.16884199 -0.6738563  -1.2277608 ]
    [-0.14370081 -1.1227287  -1.2472951 ]
    [-0.1228821 -1.5218983 -1.2624648]
    [-0.00490508 -0.6704111  -1.1132495 ]
    [ 0.02023611 -1.1192833  -1.1327838 ]
    [ 0.0410548 -1.5184532 -1.1479535]
    [-0.15441775  0.06055006 -1.1104571 ]
    [-0.12810427  0.05689709 -1.0968006 ]
    [-0.1554141   0.05022532 -1.1711893 ]
    [-0.08085919  0.03987523 -1.1324958 ]

2 th Person attributes:

 Confidence (47/100)
 Tracking ID: 1 tracking state: OK / IDLE
 3D position: [0.8802603483200073,-0.6531830430030823,-1.6248024702072144]
 Velocity: [-0.011369090527296066,-0.00033244708902202547,0.0178847499191761]
 3D dimentions: [0.5167016983032227,1.5846179723739624,0.5167018175125122]
 2D mask available
 Keypoint 2D 
    [1729.65942383  526.70550537]
    [1577.48413086  620.04058838]
    [1478.2130127  636.7633667]
    [1476.55554199  816.04394531]
    [1487.24926758  989.2041626 ]
    [1667.59082031  604.8616333 ]
    [1663.4173584   768.27368164]
    [1672.74829102  925.80639648]
    [1515.90429688  988.99645996]
    [1513.89746094 1272.8236084 ]
    [1514.10656738 1516.64233398]
    [1608.29431152  957.15179443]
    [1604.40661621 1228.90563965]
    [1603.08239746 1462.69287109]
    [1720.90600586  501.13467407]
    [1724.30358887  481.3092041 ]
    [1635.06933594  507.36233521]
    [1650.71777344  453.80636597]

 Keypoint 3D 
    [ 1.0290587   0.02669202 -1.5151286 ]
    [ 0.86809534 -0.10767928 -1.6044772 ]
    [ 0.6884916  -0.12564696 -1.5268322 ]
    [ 0.6969933  -0.38002563 -1.5508603 ]
    [ 0.7136927 -0.6252511 -1.5544417]
    [ 1.0476991 -0.0897116 -1.6821221]
    [ 1.0562009  -0.34409025 -1.7061502 ]
    [ 1.0729003 -0.5893158 -1.7097316]
    [ 0.7972341 -0.6606808 -1.6432939]
    [ 0.81238836 -1.1088555  -1.680842  ]
    [ 0.8272799 -1.5074404 -1.7109809]
    [ 0.9800539 -0.6426821 -1.7223696]
    [ 0.99520826 -1.0908568  -1.7599179 ]
    [ 1.0100996 -1.4894418 -1.7900567]
    [ 0.99152786  0.06031213 -1.4771523 ]
    [ 1.0253149   0.08944707 -1.520501  ]
    [ 0.8818153   0.05228073 -1.4862368 ]
    [ 0.9775454   0.13482973 -1.6090583 ]



2 Person(s) detected

1 th Person attributes:

 Confidence (46/100)
 Tracking ID: 0 tracking state: OK / IDLE
 3D position: [-0.11260487139225006,-1.0719329118728638,-1.1485464572906494]
 Velocity: [-0.009370158426463604,-0.0002711533452384174,0.020174352452158928]
 3D dimentions: [0.539435625076294,2.2837724685668945,0.5394356846809387]
 2D mask available
 Keypoint 2D 
    [814.00360107 519.71765137]
    [849.72357178 668.33709717]
    [733.97631836 663.10638428]
    [750.83666992 873.96307373]
    [ 757.61462402 1078.19104004]
    [984.87542725 674.44458008]
    [1026.30944824  916.05505371]
    [1049.39794922 1159.02490234]
    [ 819.74664307 1153.390625  ]
    [ 848.1661377  1536.85192871]
    [ 870.84216309 1868.21374512]
    [ 970.86846924 1206.66235352]
    [ 998.69628906 1624.81396484]
    [1020.96954346 1985.17749023]
    [811.34899902 489.98403931]
    [836.74499512 490.22006226]
    [818.84069824 503.73120117]
    [888.80303955 504.85287476]

 Keypoint 3D 
    [-0.1640009   0.02584632 -1.0787036 ]
    [-0.13543528 -0.12563613 -1.1323177 ]
    [-0.27408916 -0.12956038 -1.2198913 ]
    [-0.2583511 -0.3672339 -1.2339004]
    [-0.25098908 -0.5965415  -1.2350332 ]
    [ 0.00321858 -0.12171189 -1.0447441 ]
    [ 0.04318332 -0.35637286 -1.061167  ]
    [ 0.06477192 -0.58453774 -1.0505768 ]
    [-0.17981833 -0.67517686 -1.2247391 ]
    [-0.15119274 -1.1235939  -1.2492915 ]
    [-0.12740359 -1.5224242  -1.2684836 ]
    [-0.01077124 -0.67038035 -1.1179681 ]
    [ 0.01785436 -1.1187973  -1.1425205 ]
    [ 0.04164351 -1.5176276  -1.1617126 ]
    [-0.16974497  0.05599996 -1.0990638 ]
    [-0.14261563  0.05507278 -1.085431  ]
    [-0.17113636  0.04459442 -1.1591135 ]
    [-0.09426992  0.04196743 -1.1204871 ]

2 th Person attributes:

 Confidence (50/100)
 Tracking ID: 1 tracking state: OK / IDLE
 3D position: [0.8798418641090393,-0.6533556580543518,-1.6257765293121338]
 Velocity: [-0.007503427565097809,-0.00022935742163099349,0.0047021727077662945]
 3D dimentions: [0.516952633857727,1.5848878622055054,0.5169525742530823]
 2D mask available
 Keypoint 2D 
    [1729.36999512  526.2220459 ]
    [1577.48632812  620.0401001 ]
    [1478.40124512  636.76586914]
    [1476.7668457   815.90515137]
    [1487.55981445  988.93322754]
    [1667.40966797  604.86090088]
    [1663.24938965  768.12255859]
    [1672.66760254  925.51269531]
    [1515.78796387  988.67675781]
    [1513.8371582  1272.18103027]
    [1514.09606934 1515.67126465]
    [1607.99658203  956.82293701]
    [1604.15661621 1228.25476074]
    [1602.875      1461.71887207]
    [1720.53527832  500.88156128]
    [1724.24560547  480.71765137]
    [1634.53894043  507.39245605]
    [1650.98522949  452.91116333]

 Keypoint 3D 
    [ 1.028743    0.02735921 -1.51525   ]
    [ 0.8686872  -0.10775163 -1.6055654 ]
    [ 0.6891626  -0.12572514 -1.5277411 ]
    [ 0.69776094 -0.3800864  -1.5519062 ]
    [ 0.71462303 -0.62529933 -1.5555128 ]
    [ 1.0482118  -0.08977812 -1.6833898 ]
    [ 1.05681    -0.34413943 -1.7075549 ]
    [ 1.0736722 -0.5893524 -1.7111615]
    [ 0.7976849  -0.66072094 -1.6445811 ]
    [ 0.8130261 -1.1088704 -1.6823521]
    [ 0.8280885 -1.5074341 -1.7126871]
    [ 0.9804248 -0.6427162 -1.7238402]
    [ 0.9957659 -1.0908657 -1.7616112]
    [ 1.0108284 -1.4894296 -1.7919463]
    [ 0.9909802   0.06064844 -1.4770772 ]
    [ 1.0249419   0.09023777 -1.5200665 ]
    [ 0.8814033   0.05225804 -1.4867487 ]
    [ 0.9776282  0.1360945 -1.6085515]



2 Person(s) detected

1 th Person attributes:

 Confidence (46/100)
 Tracking ID: 0 tracking state: OK / IDLE
 3D position: [-0.11256685853004456,-1.0934622287750244,-1.210551381111145]
 Velocity: [0.00422575231641531,7.184905553003773e-05,-0.06710334867238998]
 3D dimentions: [0.5560193061828613,2.331667184829712,0.5560193657875061]
 2D mask available
 Keypoint 2D 
    [811.3572998  520.02197266]
    [864.52294922 664.39642334]
    [768.81256104 659.44421387]
    [787.97198486 858.57855225]
    [ 796.55212402 1051.92993164]
    [981.51300049 670.44976807]
    [1017.81976318  902.21917725]
    [1020.68121338 1135.29101562]
    [ 858.90838623 1124.4017334 ]
    [ 891.81939697 1493.4777832 ]
    [ 918.64660645 1815.66918945]
    [ 982.9675293  1185.40722656]
    [1017.90057373 1596.68481445]
    [1046.41882324 1954.92773438]
    [813.34265137 490.58007812]
    [833.72070312 492.78491211]
    [830.85723877 501.91012573]
    [889.59838867 508.94284058]

 Keypoint 3D 
    [-0.17935547  0.0275056  -1.1613467 ]
    [-0.12709911 -0.12853973 -1.1970813 ]
    [-0.2542287  -0.13547939 -1.3168427 ]
    [-0.23307654 -0.37635642 -1.3268131 ]
    [-0.22258759 -0.6088194  -1.3258924 ]
    [ 3.0502681e-05 -1.2160011e-01 -1.0773200e+00]
    [ 0.03659848 -0.35866034 -1.1094728 ]
    [ 0.03934141 -0.59131277 -1.1055642 ]
    [-0.14390667 -0.6789381  -1.2932984 ]
    [-0.10666975 -1.127064   -1.3105239 ]
    [-0.07550909 -1.5256284  -1.323764  ]
    [ 0.00155956 -0.67103654 -1.1562687 ]
    [ 0.03879646 -1.1191623  -1.1734942 ]
    [ 0.06995714 -1.5177269  -1.1867343 ]
    [-0.18048717  0.05961012 -1.182474  ]
    [-0.15467708  0.05582305 -1.1531343 ]
    [-0.16973695  0.04981053 -1.2413517 ]
    [-0.09660836  0.03908049 -1.1582223 ]

2 th Person attributes:

 Confidence (47/100)
 Tracking ID: 1 tracking state: OK / IDLE
 3D position: [0.8808096051216125,-0.6544201970100403,-1.627446174621582]
 Velocity: [-0.005553429014980793,-0.0001664223673287779,0.006788905244320631]
 3D dimentions: [0.51805579662323,1.5876401662826538,0.5180558562278748]
 2D mask available
 Keypoint 2D 
    [1729.38049316  525.14978027]
    [1577.62976074  616.78613281]
    [1480.12890625  634.91192627]
    [1479.04846191  814.71307373]
    [1490.4284668   988.18688965]
    [1665.81054688  600.39300537]
    [1662.19177246  763.74243164]
    [1672.06188965  921.03167725]
    [1519.34020996  985.56158447]
    [1518.31030273 1268.76525879]
    [1519.38378906 1511.93823242]
    [1609.47497559  952.05743408]
    [1606.55700684 1222.84729004]
    [1606.08312988 1455.71398926]
    [1720.96679688  499.98849487]
    [1724.72619629  479.56842041]
    [1635.08117676  506.2543335 ]
    [1651.64587402  451.08868408]

 Keypoint 3D 
    [ 1.0289202   0.02883869 -1.5154899 ]
    [ 0.8697989  -0.10311588 -1.607233  ]
    [ 0.6910243  -0.12305876 -1.5265605 ]
    [ 0.70052373 -0.37816334 -1.5509067 ]
    [ 0.7184519  -0.62405276 -1.5550325 ]
    [ 1.0485735  -0.08317302 -1.6879056 ]
    [ 1.058073   -0.33827764 -1.7122517 ]
    [ 1.0760013 -0.584167  -1.7163775]
    [ 0.8037331 -0.6566788 -1.6461067]
    [ 0.8206773 -1.1047572 -1.6840342]
    [ 0.8372119 -1.50325   -1.7145348]
    [ 0.9851105  -0.63679224 -1.7280016 ]
    [ 1.0020547 -1.0848709 -1.7659292]
    [ 1.0185893 -1.4833635 -1.7964298]
    [ 0.9913754   0.06183449 -1.4768041 ]
    [ 1.0253699   0.09180259 -1.5197179 ]
    [ 0.88173807  0.05376989 -1.4860795 ]
    [ 0.9780557   0.13867952 -1.6076685 ]



2 Person(s) detected

1 th Person attributes:

 Confidence (47/100)
 Tracking ID: 0 tracking state: OK / IDLE
 3D position: [-0.10535149276256561,-0.9696274399757385,-1.0954989194869995]
 Velocity: [-0.005952810402959585,-0.0002632361138239503,-0.07278776913881302]
 3D dimentions: [0.49621063470840454,2.0680301189422607,0.49621057510375977]
 2D mask available
 Keypoint 2D 
    [804.55456543 506.27822876]
    [857.85858154 665.99902344]
    [761.50579834 661.73779297]
    [781.9708252 873.8258667]
    [ 791.51055908 1080.54699707]
    [979.50848389 671.37896729]
    [1024.17675781  929.38891602]
    [1039.12390137 1187.25170898]
    [ 855.59265137 1174.45068359]
    [ 892.95727539 1585.76367188]
    [ 923.7409668  1948.07946777]
    [ 985.23181152 1251.56225586]
    [1026.5567627  1719.27490234]
    [1060.71081543 2130.70825195]
    [806.86712646 477.00177002]
    [827.22857666 475.73858643]
    [826.85992432 494.11721802]
    [886.25067139 491.95318604]

 Keypoint 3D 
    [-0.17058952  0.03840685 -1.0621156 ]
    [-0.1221234  -0.11843257 -1.0882106 ]
    [-0.24252363 -0.12747757 -1.214487  ]
    [-0.22096951 -0.36296144 -1.2200559 ]
    [-0.20975438 -0.5900899  -1.2162904 ]
    [-0.00172318 -0.10938757 -0.96193415]
    [ 0.03806175 -0.3416837  -0.9820319 ]
    [ 0.05112852 -0.5686908  -0.9770967 ]
    [-0.1343251 -0.6704442 -1.1753925]
    [-0.09524988 -1.1186358  -1.1852634 ]
    [-0.06248812 -1.5172327  -1.1921428 ]
    [ 0.00350922 -0.6601507  -1.0308387 ]
    [ 0.04258443 -1.1083423  -1.0407099 ]
    [ 0.07534619 -1.5069389  -1.0475893 ]
    [-0.17203893  0.06809077 -1.085326  ]
    [-0.14766425  0.06736736 -1.0545211 ]
    [-0.1601552   0.05385543 -1.1409962 ]
    [-0.09109366  0.05180579 -1.0537156 ]

2 th Person attributes:

 Confidence (49/100)
 Tracking ID: 1 tracking state: OK / IDLE
 3D position: [0.8778626918792725,-0.6522164940834045,-1.6218608617782593]
 Velocity: [-0.0035591390915215015,-0.00010469339758856222,0.004723672289401293]
 3D dimentions: [0.5165120959281921,1.5825870037078857,0.5165122151374817]
 2D mask available
 Keypoint 2D 
    [1730.08728027  521.80963135]
    [1577.48217773  616.90612793]
    [1478.5345459   632.44207764]
    [1476.18457031  812.72814941]
    [1486.5201416   986.90386963]
    [1667.11022949  602.83349609]
    [1662.33618164  766.79168701]
    [1671.36450195  924.90869141]
    [1513.85681152  986.92828369]
    [1510.82641602 1271.78491211]
    [1510.15710449 1516.49841309]
    [1605.83605957  955.79730225]
    [1600.98986816 1228.27001953]
    [1598.83752441 1462.69445801]
    [1720.29785156  495.51016235]
    [1724.10949707  476.04699707]
    [1632.64355469  501.50900269]
    [1649.57946777  449.00427246]

 Keypoint 3D 
    [ 1.0274224   0.03335372 -1.5118552 ]
    [ 0.86692244 -0.10297485 -1.6023145 ]
    [ 0.68726516 -0.11936697 -1.5231262 ]
    [ 0.6947472  -0.37442857 -1.5470223 ]
    [ 0.7107324 -0.6203193 -1.5502288]
    [ 1.0465797  -0.08658274 -1.6815026 ]
    [ 1.0540618  -0.34164435 -1.7053986 ]
    [ 1.0700469 -0.587535  -1.7086049]
    [ 0.7917953  -0.65562105 -1.6383599 ]
    [ 0.8052216 -1.1038698 -1.6756798]
    [ 0.8185873 -1.5025214 -1.7056506]
    [ 0.97417784 -0.6392305  -1.7187835 ]
    [ 0.98760414 -1.0874792  -1.7561034 ]
    [ 1.0009698 -1.4861307 -1.7860743]
    [ 0.9889707   0.06773501 -1.4745559 ]
    [ 1.0235226   0.09656666 -1.51824   ]
    [ 0.87779546  0.06012683 -1.484973  ]
    [ 0.9756925   0.14181647 -1.6087446 ]



2 Person(s) detected

1 th Person attributes:

 Confidence (46/100)
 Tracking ID: 0 tracking state: OK / IDLE
 3D position: [-0.1034567654132843,-0.9632721543312073,-1.0972723960876465]
 Velocity: [0.0019663411658257246,3.0717827030457556e-05,-0.023744706064462662]
 3D dimentions: [0.4966171085834503,2.055642604827881,0.49661707878112793]
 2D mask available
 Keypoint 2D 
    [803.03594971 512.46337891]
    [860.28076172 666.2880249 ]
    [743.08465576 660.49005127]
    [752.33868408 874.73919678]
    [ 756.59576416 1081.47473145]
    [995.92938232 672.99884033]
    [1034.3984375   928.22479248]
    [1073.96313477 1184.68811035]
    [ 805.24627686 1180.8873291 ]
    [ 822.46813965 1595.39196777]
    [ 836.43206787 1958.5715332 ]
    [ 966.43847656 1238.85778809]
    [ 983.46740723 1692.30065918]
    [ 997.36627197 2089.04199219]
    [800.90270996 481.6925354 ]
    [827.96398926 483.22644043]
    [808.52703857 496.27282715]
    [884.77435303 501.48556519]

 Keypoint 3D 
    [-0.17179519  0.0323945  -1.0605192 ]
    [-0.12058006 -0.11956032 -1.0959312 ]
    [-0.25448468 -0.1220966  -1.1759117 ]
    [-0.24595872 -0.35274342 -1.1824137 ]
    [-0.24141523 -0.5747123  -1.1825413 ]
    [ 0.01332456 -0.11702406 -1.0159504 ]
    [ 0.04765121 -0.34409055 -0.99196243]
    [ 0.08145475 -0.5624389  -0.97023445]
    [-0.18617173 -0.67056423 -1.1636822 ]
    [-0.16974579 -1.1200978  -1.1759223 ]
    [-0.1560682 -1.5197549 -1.1852543]
    [-0.0144911 -0.6673166 -1.0611384]
    [ 0.00193483 -1.1168501  -1.0733784 ]
    [ 0.01561242 -1.5165071  -1.0827105 ]
    [-0.17718309  0.06320796 -1.0808586 ]
    [-0.14731798  0.06034587 -1.0570877 ]
    [-0.17852981  0.05144566 -1.1370836 ]
    [-0.09391201  0.04333642 -1.0697327 ]

2 th Person attributes:

 Confidence (45/100)
 Tracking ID: 1 tracking state: OK / IDLE
 3D position: [0.8779422044754028,-0.6512094736099243,-1.6226348876953125]
 Velocity: [0.0011071866611018777,2.4903776647988707e-05,-0.007514841388911009]
 3D dimentions: [0.5158013701438904,1.5802874565124512,0.5158014893531799]
 2D mask available
 Keypoint 2D 
    [1729.7199707   521.09234619]
    [1577.39404297  620.05004883]
    [1477.43359375  636.35455322]
    [1475.85693359  816.00958252]
    [1486.47570801  989.57720947]
    [1668.19213867  605.23999023]
    [1664.12353516  769.08502197]
    [1673.4276123   927.08178711]
    [1516.25415039  989.79693604]
    [1514.30444336 1274.44897461]
    [1514.53381348 1519.14501953]
    [1609.28100586  958.39624023]
    [1605.46948242 1231.00488281]
    [1604.18261719 1465.68041992]
    [1715.69287109  494.61953735]
    [1721.74353027  475.11526489]
    [1624.03466797  501.8168335 ]
    [1646.97363281  449.277771  ]

 Keypoint 3D 
    [ 1.0239936   0.03424034 -1.5075489 ]
    [ 0.8677344  -0.10766452 -1.6040525 ]
    [ 0.68749046 -0.12509467 -1.5270079 ]
    [ 0.6958704  -0.37990135 -1.55055   ]
    [ 0.7123     -0.62551314 -1.5537848 ]
    [ 1.0479782  -0.09023438 -1.6810971 ]
    [ 1.0563581 -0.3450411 -1.7046392]
    [ 1.0727879 -0.5906528 -1.707874 ]
    [ 0.7964325  -0.66077673 -1.6405674 ]
    [ 0.8113183 -1.109024  -1.6773459]
    [ 0.82593834 -1.5076675  -1.7068372 ]
    [ 0.9796227  -0.64333165 -1.7189063 ]
    [ 0.9945085 -1.091579  -1.7556849]
    [ 1.0091286 -1.4902223 -1.7851762]
    [ 0.9820655   0.06887519 -1.4734437 ]
    [ 1.0185232   0.09768412 -1.5156527 ]
    [ 0.8697063   0.05995421 -1.4910004 ]
    [ 0.97300327  0.14157951 -1.6105924 ]



2 Person(s) detected

1 th Person attributes:

 Confidence (46/100)
 Tracking ID: 0 tracking state: OK / IDLE
 3D position: [-0.1080111637711525,-1.0515803098678589,-1.1937448978424072]
 Velocity: [0.012289938516914845,0.00043422007001936436,0.033929161727428436]
 3D dimentions: [0.5472649931907654,2.2457544803619385,0.5472648739814758]
 2D mask available
 Keypoint 2D 
    [815.63018799 518.32928467]
    [866.37030029 665.22027588]
    [768.04815674 659.94384766]
    [783.1887207  860.37304688]
    [ 790.68426514 1054.33447266]
    [984.82305908 671.57696533]
    [1021.14251709  908.94488525]
    [1036.1895752  1147.27600098]
    [ 847.42797852 1133.21264648]
    [ 873.9175415 1510.9387207]
    [ 895.31103516 1842.41638184]
    [ 977.62060547 1193.87512207]
    [1005.59564209 1613.60375977]
    [1028.28173828 1981.38134766]
    [815.72180176 488.93096924]
    [837.91339111 490.87997437]
    [827.69476318 501.71170044]
    [891.00054932 508.0539856 ]

 Keypoint 3D 
    [-0.17322934  0.02901852 -1.1505773 ]
    [-0.12396977 -0.12827408 -1.1863451 ]
    [-0.25120375 -0.13397604 -1.2965142 ]
    [-0.23478307 -0.3720916  -1.3042874 ]
    [-0.22583066 -0.6015394  -1.3038398 ]
    [ 0.00326422 -0.12257216 -1.0761762 ]
    [ 0.03917258 -0.3583675  -1.088018  ]
    [ 0.05344002 -0.5872338  -1.0760491 ]
    [-0.15512191 -0.6793702  -1.2747    ]
    [-0.12577932 -1.128212   -1.2881174 ]
    [-0.10152974 -1.5273561  -1.2979183 ]
    [-0.00400943 -0.6726272  -1.1438583 ]
    [ 0.02533317 -1.1214691  -1.1572758 ]
    [ 0.04958274 -1.5206131  -1.1670766 ]
    [-0.17619497  0.0607807  -1.1709218 ]
    [-0.1490764   0.05735096 -1.1438367 ]
    [-0.17134292  0.04946886 -1.2273277 ]
    [-0.09450698  0.03975125 -1.1505867 ]

2 th Person attributes:

 Confidence (49/100)
 Tracking ID: 1 tracking state: OK / IDLE
 3D position: [0.8778213262557983,-0.651108980178833,-1.6214380264282227]
 Velocity: [0.0001963611866813153,8.045544745982625e-06,0.001247397973202169]
 3D dimentions: [0.5158755779266357,1.5802748203277588,0.5158756375312805]
 2D mask available
 Keypoint 2D 
    [1732.82775879  520.5135498 ]
    [1577.49267578  617.25354004]
    [1477.63305664  632.24633789]
    [1475.2175293   812.20080566]
    [1485.09521484  986.06817627]
    [1668.14379883  603.64331055]
    [1663.33508301  767.62365723]
    [1671.98120117  925.78570557]
    [1513.34008789  987.19470215]
    [1510.14660645 1272.44812012]
    [1509.31750488 1517.73303223]
    [1606.43115234  956.83483887]
    [1601.44470215 1229.90673828]
    [1599.15600586 1465.05126953]
    [1720.10498047  493.31872559]
    [1724.88989258  474.74038696]
    [1629.49487305  499.56323242]
    [1649.19592285  449.52841187]

 Keypoint 3D 
    [ 1.0288306   0.03505231 -1.5084053 ]
    [ 0.8672552 -0.1035181 -1.6029017]
    [ 0.68705493 -0.11927618 -1.5254267 ]
    [ 0.6941815  -0.37411505 -1.5487902 ]
    [ 0.70945835 -0.6197822  -1.5518286 ]
    [ 1.0474555  -0.08776002 -1.6803768 ]
    [ 1.054582   -0.34259894 -1.7037405 ]
    [ 1.069859   -0.58826596 -1.7067789 ]
    [ 0.79108006 -0.65606153 -1.6384703 ]
    [ 0.80383813 -1.1043988  -1.6749519 ]
    [ 0.8165776 -1.5031269 -1.7041694]
    [ 0.9742338 -0.6402761 -1.7172457]
    [ 0.98699194 -1.0886135  -1.7537273 ]
    [ 0.9997314 -1.4873415 -1.7829449]
    [ 0.9882481   0.07063523 -1.4738629 ]
    [ 1.0240446   0.09831439 -1.5174197 ]
    [ 0.87555516  0.06289377 -1.48838   ]
    [ 0.9769786   0.14131804 -1.6117904 ]



2 Person(s) detected

1 th Person attributes:

 Confidence (43/100)
 Tracking ID: 0 tracking state: OK / IDLE
 3D position: [-0.11094779521226883,-1.093548059463501,-1.230372667312622]
 Velocity: [0.009809370152652264,0.00036790978629142046,0.07175536453723907]
 3D dimentions: [0.5745826363563538,2.336764335632324,0.5745826959609985]
 2D mask available
 Keypoint 2D 
    [819.12200928 517.73364258]
    [864.85748291 663.30804443]
    [775.51385498 658.19354248]
    [791.16583252 855.72265625]
    [ 799.13165283 1047.46813965]
    [975.4163208  669.63702393]
    [1015.45294189  900.26202393]
    [1025.04931641 1129.18395996]
    [ 852.11694336 1121.22131348]
    [ 880.45770264 1493.92272949]
    [ 903.90301514 1823.30224609]
    [ 966.52038574 1184.92089844]
    [ 997.63323975 1603.33813477]
    [1023.45898438 1972.82958984]
    [824.21710205 490.80700684]
    [837.90380859 490.88284302]
    [846.32727051 505.70040894]
    [887.45288086 507.22015381]

 Keypoint 3D 
    [-0.1770905   0.03095304 -1.2015198 ]
    [-0.12956756 -0.13020277 -1.2238302 ]
    [-0.25311172 -0.13773584 -1.3537133 ]
    [-0.23462597 -0.38169545 -1.3580477 ]
    [-0.22431561 -0.6167367  -1.3550878 ]
    [-0.00602341 -0.12266969 -1.0939472 ]
    [ 0.03471159 -0.3618694  -1.1255858 ]
    [ 0.04460347 -0.5969372  -1.1277701 ]
    [-0.15350842 -0.68244284 -1.3071638 ]
    [-0.12056801 -1.1311727  -1.3146839 ]
    [-0.09294607 -1.5301852  -1.3197827 ]
    [-0.01578722 -0.6740694  -1.1623787 ]
    [ 0.01715319 -1.1227992  -1.1698987 ]
    [ 0.04477512 -1.5218117  -1.1749976 ]
    [-0.17486061  0.06149284 -1.2248268 ]
    [-0.15491061  0.05958836 -1.1885225 ]
    [-0.15690802  0.04691592 -1.2788768 ]
    [-0.10038295  0.04151992 -1.1760144 ]

2 th Person attributes:

 Confidence (50/100)
 Tracking ID: 1 tracking state: OK / IDLE
 3D position: [0.8778917789459229,-0.651166558265686,-1.6212599277496338]
 Velocity: [-0.00046774555812589824,-1.1437594366725534e-05,0.003271545050665736]
 3D dimentions: [0.5160956382751465,1.580631971359253,0.5160956978797913]
 2D mask available
 Keypoint 2D 
    [1731.04724121  522.68560791]
    [1577.48193359  616.73791504]
    [1477.80407715  631.28936768]
    [1474.8581543   811.34661865]
    [1484.40649414  985.34405518]
    [1667.91931152  603.53540039]
    [1662.61621094  767.51434326]
    [1670.96398926  925.70880127]
    [1511.84667969  986.60021973]
    [1507.85693359 1271.83081055]
    [1506.35046387 1517.01782227]
    [1604.80358887  956.55206299]
    [1599.04528809 1229.53515625]
    [1596.09838867 1464.53417969]
    [1720.10583496  495.50985718]
    [1724.89379883  476.87841797]
    [1630.81298828  500.17379761]
    [1650.44348145  450.06118774]

 Keypoint 3D 
    [ 1.027403    0.03210968 -1.5098901 ]
    [ 0.8668899  -0.10272631 -1.602255  ]
    [ 0.6868181  -0.11786978 -1.5243759 ]
    [ 0.6932835  -0.37270293 -1.5479132 ]
    [ 0.7080664 -0.6183937 -1.5509046]
    [ 1.0469618  -0.08758285 -1.680134  ]
    [ 1.0534273  -0.34241596 -1.7036713 ]
    [ 1.0682101 -0.5881068 -1.7066627]
    [ 0.78861386 -0.65497386 -1.6379616 ]
    [ 0.80025345 -1.1033176  -1.6747355 ]
    [ 0.8120074 -1.5020572 -1.7042111]
    [ 0.97164166 -0.639799   -1.7171483 ]
    [ 0.9832813 -1.0881429 -1.7539222]
    [ 0.99503523 -1.4868822  -1.7833979 ]
    [ 0.98838425  0.06771286 -1.4740644 ]
    [ 1.0241874   0.09538199 -1.5176232 ]
    [ 0.8763724  0.0620006 -1.486745 ]
    [ 0.97781485  0.1403965  -1.6101615 ]



2 Person(s) detected

1 th Person attributes:

 Confidence (43/100)
 Tracking ID: 0 tracking state: OK / IDLE
 3D position: [-0.11216866970062256,-1.0746105909347534,-1.2276713848114014]
 Velocity: [0.0015625038649886847,5.259773388388567e-05,0.004981054458767176]
 3D dimentions: [0.5694484710693359,2.296475648880005,0.5694485306739807]
 2D mask available
 Keypoint 2D 
    [817.38818359 519.7121582 ]
    [863.10455322 664.69403076]
    [773.59967041 659.93518066]
    [789.08856201 858.99102783]
    [ 797.48095703 1052.40710449]
    [974.60180664 670.62213135]
    [1013.99890137  904.72912598]
    [1023.62268066 1136.45153809]
    [ 849.82556152 1125.13330078]
    [ 878.22192383 1501.46984863]
    [ 901.88146973 1835.43212891]
    [ 962.90759277 1189.48120117]
    [ 994.45178223 1612.98083496]
    [1020.84228516 1988.69104004]
    [825.41650391 493.14193726]
    [833.44543457 492.40942383]
    [853.95904541 508.30975342]
    [880.17858887 507.77093506]

 Keypoint 3D 
    [-0.17989239  0.02894154 -1.2076334 ]
    [-0.13146774 -0.13169514 -1.2233901 ]
    [-0.25613075 -0.14024118 -1.3572464 ]
    [-0.23749295 -0.38622242 -1.3598001 ]
    [-0.22646661 -0.6231435  -1.3558086 ]
    [-0.00680475 -0.12314913 -1.0895338 ]
    [ 0.03306603 -0.36467037 -1.1201687 ]
    [ 0.04294909 -0.6016619  -1.1227025 ]
    [-0.15565418 -0.684564   -1.3023673 ]
    [-0.12249478 -1.133319   -1.306773  ]
    [-0.09460381 -1.532338   -1.3092057 ]
    [-0.01949478 -0.67525464 -1.1561689 ]
    [ 0.01366462 -1.1240097  -1.1605747 ]
    [ 0.04155558 -1.5230286  -1.1630075 ]
    [-0.1746187   0.05926719 -1.2325326 ]
    [-0.1598757   0.05799745 -1.1896747 ]
    [-0.1488511  0.0441247 -1.285815 ]
    [-0.10707921  0.04052713 -1.1643842 ]

2 th Person attributes:

 Confidence (43/100)
 Tracking ID: 1 tracking state: OK / IDLE
 3D position: [0.8846691846847534,-0.6476576328277588,-1.6286119222640991]
 Velocity: [0.02453368902206421,0.0007248694892041385,-0.04385846108198166]
 3D dimentions: [0.5135663747787476,1.5727925300598145,0.5135661959648132]
 2D mask available
 Keypoint 2D 
    [1733.77355957  523.51092529]
    [1580.9296875   618.98657227]
    [1481.66955566  633.2869873 ]
    [1478.2454834   813.06140137]
    [1487.57348633  986.88330078]
    [1670.95288086  606.01696777]
    [1665.22143555  769.67138672]
    [1673.38745117  927.63928223]
    [1514.34448242  986.69818115]
    [1509.68237305 1270.41137695]
    [1507.60168457 1514.30419922]
    [1606.52685547  957.04400635]
    [1600.14404297 1228.57885742]
    [1596.66149902 1462.34094238]
    [1720.65625     495.97421265]
    [1727.29968262  477.97201538]
    [1630.3236084   501.15209961]
    [1654.77172852  452.76629639]

 Keypoint 3D 
    [ 1.0316415   0.03099348 -1.5106246 ]
    [ 0.87653494 -0.10656001 -1.610764  ]
    [ 0.6957015  -0.12125004 -1.5321594 ]
    [ 0.7016386  -0.37704456 -1.5558858 ]
    [ 0.7161094 -0.6236824 -1.5587062]
    [ 1.0573684  -0.09186997 -1.6893685 ]
    [ 1.0633055  -0.34766448 -1.7130947 ]
    [ 1.0777762  -0.59430224 -1.7159152 ]
    [ 0.79648113 -0.65855354 -1.6465473 ]
    [ 0.80721986 -1.106907   -1.6834766 ]
    [ 0.81818163 -1.505659   -1.7130858 ]
    [ 0.9793988 -0.6438998 -1.7260857]
    [ 0.9901375 -1.0922534 -1.7630148]
    [ 1.0010993 -1.4910053 -1.7926242]
    [ 0.99124503  0.06723557 -1.4772302 ]
    [ 1.0289207   0.09400497 -1.5197184 ]
    [ 0.8802894   0.06099741 -1.4945165 ]
    [ 0.9870374   0.13684401 -1.6148999 ]



2 Person(s) detected

1 th Person attributes:

 Confidence (44/100)
 Tracking ID: 0 tracking state: OK / IDLE
 3D position: [-0.1097746416926384,-0.9532325863838196,-1.1081016063690186]
 Velocity: [-0.018709886819124222,-0.0006235617911443114,-0.0389179028570652]
 3D dimentions: [0.507809042930603,2.036297082901001,0.507809042930603]
 2D mask available
 Keypoint 2D 
    [812.0960083  507.74264526]
    [850.95288086 663.69970703]
    [722.75036621 656.11657715]
    [723.52453613 879.18847656]
    [ 724.65258789 1093.78222656]
    [998.16308594 672.40716553]
    [1033.85949707  928.54638672]
    [1067.44030762 1180.27233887]
    [ 769.84313965 1185.8125    ]
    [ 771.0881958  1618.66357422]
    [ 776.08001709 1997.52978516]
    [ 936.04614258 1241.58947754]
    [ 937.74206543 1712.4041748 ]
    [ 942.57397461 2123.94580078]
    [823.65759277 484.30062866]
    [830.51971436 478.52670288]
    [854.46575928 507.11761475]
    [878.19158936 493.0189209 ]

 Keypoint 3D 
    [-0.17120077  0.03878045 -1.1133784 ]
    [-0.1311465  -0.11814409 -1.1067871 ]
    [-0.27789652 -0.118153   -1.1831723 ]
    [-0.27683252 -0.35744852 -1.1821798 ]
    [-0.27552626 -0.5875405  -1.1817693 ]
    [ 0.01560351 -0.11813521 -1.0304016 ]
    [ 0.04862274 -0.35501778 -1.0226033 ]
    [ 0.0790069  -0.58287454 -1.0124884 ]
    [-0.22105376 -0.6681588  -1.1505805 ]
    [-0.21933827 -1.1181504  -1.1484075 ]
    [-0.2148395 -1.5181073 -1.1521899]
    [-0.04364815 -0.66811645 -1.0582374 ]
    [-0.04193268 -1.1181079  -1.0560645 ]
    [-0.03743392 -1.5180646  -1.0598468 ]
    [-0.16362973  0.06408504 -1.1420963 ]
    [-0.1503152   0.06729564 -1.0968546 ]
    [-0.13761255  0.04224752 -1.1934758 ]
    [-0.09988799  0.05134422 -1.0652907 ]

2 th Person attributes:

 Confidence (42/100)
 Tracking ID: 1 tracking state: OK / IDLE
 3D position: [0.881571888923645,-0.648968517780304,-1.6233150959014893]
 Velocity: [0.002529954304918647,8.829472062643617e-05,0.008674653246998787]
 3D dimentions: [0.5146474838256836,1.575998306274414,0.5146474838256836]
 2D mask available
 Keypoint 2D 
    [1732.43615723  520.54089355]
    [1578.00866699  617.16174316]
    [1478.64794922  631.66339111]
    [1475.25732422  812.18823242]
    [1484.70336914  986.69909668]
    [1668.0246582   604.02392578]
    [1662.30786133  768.19274902]
    [1670.56408691  926.62121582]
    [1511.38000488  986.14349365]
    [1506.78540039 1270.75183105]
    [1504.77722168 1515.36181641]
    [1603.58435059  956.09161377]
    [1597.25732422 1228.35791016]
    [1593.83703613 1462.70568848]
    [1719.71740723  494.57653809]
    [1725.56921387  474.74990845]
    [1629.75646973  501.79336548]
    [1652.04614258  448.3354187 ]

 Keypoint 3D 
    [ 1.0282989   0.03501505 -1.5084115 ]
    [ 0.8690232  -0.10350563 -1.6047795 ]
    [ 0.68853474 -0.11848178 -1.5255917 ]
    [ 0.69451296 -0.37424582 -1.5494045 ]
    [ 0.7091159 -0.6208545 -1.5522873]
    [ 1.0495114  -0.08852948 -1.6839671 ]
    [ 1.0554898  -0.34429353 -1.70778   ]
    [ 1.0700929 -0.5909022 -1.7106627]
    [ 0.78940153 -0.6555251  -1.6410415 ]
    [ 0.8002131 -1.103869  -1.6780672]
    [ 0.81125665 -1.502613   -1.7077545 ]
    [ 0.972027   -0.64058787 -1.7211967 ]
    [ 0.9828385 -1.0889319 -1.7582225]
    [ 0.99388206 -1.4876759  -1.7879096 ]
    [ 0.9873531   0.06892604 -1.4733014 ]
    [ 1.0236106   0.09816989 -1.5153918 ]
    [ 0.8764333   0.05991641 -1.4892715 ]
    [ 0.9791629  0.142774  -1.6085277]



2 Person(s) detected

1 th Person attributes:

 Confidence (42/100)
 Tracking ID: 0 tracking state: OK / IDLE
 3D position: [-0.1161705031991005,-0.953214168548584,-1.127302646636963]
 Velocity: [-0.02255241572856903,-0.0007550935843028128,-0.04812192916870117]
 3D dimentions: [0.511542022228241,2.037421226501465,0.5115422010421753]
 2D mask available
 Keypoint 2D 
    [810.39508057 501.82080078]
    [850.75579834 665.59588623]
    [726.73370361 658.79290771]
    [736.3248291  875.09405518]
    [ 739.76416016 1083.65527344]
    [993.65252686 673.43408203]
    [1024.4161377  916.3036499]
    [1039.71948242 1158.26953125]
    [ 798.01361084 1160.9699707 ]
    [ 813.98852539 1558.49377441]
    [ 826.87866211 1904.65844727]
    [ 956.5602417  1212.91748047]
    [ 971.56311035 1643.69812012]
    [ 983.715271   2018.15820312]
    [821.32550049 463.1234436 ]
    [831.36010742 473.81436157]
    [851.7489624  474.17108154]
    [885.4498291 506.965271 ]

 Keypoint 3D 
    [-0.16542716  0.042826   -1.065135  ]
    [-0.13355091 -0.12206588 -1.1253796 ]
    [-0.27865636 -0.12325615 -1.2049586 ]
    [-0.27035287 -0.3627931  -1.2147889 ]
    [-0.26684314 -0.5934188  -1.2160794 ]
    [ 0.01155454 -0.1208756  -1.0458006 ]
    [ 0.04152766 -0.35806274 -1.065483  ]
    [ 0.05595447 -0.58815795 -1.0583879 ]
    [-0.20039971 -0.6716008  -1.203235  ]
    [-0.18547143 -1.1210474  -1.2198143 ]
    [-0.17304906 -1.5206367  -1.2330055 ]
    [-0.02504572 -0.67012817 -1.107064  ]
    [-0.01011742 -1.1195748  -1.1236435 ]
    [ 0.00230498 -1.5191642  -1.1368347 ]
    [-0.15810947  0.08192793 -1.0874969 ]
    [-0.14115736  0.06798044 -1.0357957 ]
    [-0.13573791  0.07527088 -1.152565  ]
    [-0.08770689  0.03575301 -1.0060785 ]

2 th Person attributes:

 Confidence (48/100)
 Tracking ID: 1 tracking state: OK / IDLE
 3D position: [0.8807450532913208,-0.6507177948951721,-1.6237802505493164]
 Velocity: [-0.005950853228569031,-0.0001669612101977691,0.014684855006635189]
 3D dimentions: [0.5160335302352905,1.5800607204437256,0.516033411026001]
 2D mask available
 Keypoint 2D 
    [1729.65393066  521.97937012]
    [1577.18322754  618.74053955]
    [1477.82336426  636.67803955]
    [1476.99401855  817.00378418]
    [1487.8527832   990.87780762]
    [1667.24951172  602.48071289]
    [1663.86230469  766.65039062]
    [1673.24133301  924.65856934]
    [1519.67578125  988.58874512]
    [1518.89123535 1272.87402344]
    [1520.13537598 1517.18774414]
    [1611.44714355  955.58349609]
    [1608.76721191 1227.67712402]
    [1608.46337891 1461.85144043]
    [1715.82043457  495.73703003]
    [1721.87976074  475.96105957]
    [1624.07080078  502.62564087]
    [1647.02294922  449.37246704]

 Keypoint 3D 
    [ 1.0240314   0.03303051 -1.5077376 ]
    [ 0.8677695  -0.10579942 -1.6046853 ]
    [ 0.68755794 -0.12545685 -1.5259587 ]
    [ 0.6970893 -0.381092  -1.5497015]
    [ 0.7143897 -0.627477  -1.5541054]
    [ 1.047981   -0.08614197 -1.683412  ]
    [ 1.0575123  -0.34177718 -1.7071546 ]
    [ 1.0748129  -0.58816224 -1.7115587 ]
    [ 0.8022138 -0.6595409 -1.6419703]
    [ 0.81909615 -1.1076992  -1.6789727 ]
    [ 0.83551717 -1.5062566  -1.7086766 ]
    [ 0.9845935  -0.63997644 -1.7216877 ]
    [ 1.0014758 -1.0881346 -1.7586901]
    [ 1.0178971 -1.4866922 -1.788394 ]
    [ 0.9821554   0.06737491 -1.4733226 ]
    [ 1.0185306  0.0965033 -1.515385 ]
    [ 0.8695795   0.05884761 -1.4906993 ]
    [ 0.9726426   0.14137807 -1.6098759 ]



2 Person(s) detected

1 th Person attributes:

 Confidence (44/100)
 Tracking ID: 0 tracking state: OK / IDLE
 3D position: [-0.10912332683801651,-0.9208662509918213,-1.087231993675232]
 Velocity: [-0.001240996178239584,-2.7564019546844065e-05,0.010208925232291222]
 3D dimentions: [0.4975009262561798,1.9705331325531006,0.4975009262561798]
 2D mask available
 Keypoint 2D 
    [818.13873291 512.24511719]
    [858.31341553 665.35827637]
    [733.93951416 657.98388672]
    [735.30358887 878.65686035]
    [ 736.42858887 1090.22497559]
    [998.56384277 673.6739502 ]
    [1034.34521484  924.37823486]
    [1068.61706543 1171.72021484]
    [ 776.89691162 1188.90527344]
    [ 779.10571289 1618.46472168]
    [ 783.52832031 1993.07299805]
    [ 948.20251465 1241.80419922]
    [ 950.02209473 1705.84973145]
    [ 953.66870117 2109.90771484]
    [829.17053223 475.32394409]
    [829.35687256 478.80993652]
    [872.37347412 486.88516235]
    [880.04534912 499.11410522]

 Keypoint 3D 
    [-0.15672785  0.0324953  -1.0569628 ]
    [-0.12257549 -0.11867232 -1.0962726 ]
    [-0.26113084 -0.11801301 -1.1620449 ]
    [-0.26016083 -0.35143307 -1.1641432 ]
    [-0.2593593  -0.57587814 -1.1658845 ]
    [ 0.01597988 -0.11933161 -1.0305004 ]
    [ 0.04893774 -0.35017544 -1.0197698 ]
    [ 0.07969271 -0.5721721  -1.0074843 ]
    [-0.21267958 -0.66822636 -1.1451606 ]
    [-0.21103023 -1.1182096  -1.1486815 ]
    [-0.20769025 -1.5181329  -1.1557584 ]
    [-0.03200496 -0.6690526  -1.0593932 ]
    [-0.03035563 -1.1190357  -1.0629143 ]
    [-0.02701565 -1.5189593  -1.0699911 ]
    [-0.14974175  0.06959379 -1.0829911 ]
    [-0.14167432  0.06267851 -1.0258993 ]
    [-0.11323914  0.06146913 -1.1432803 ]
    [-0.09038141  0.04187581 -0.9815201 ]

2 th Person attributes:

 Confidence (42/100)
 Tracking ID: 1 tracking state: OK / IDLE
 3D position: [0.879330575466156,-0.6511752009391785,-1.6232852935791016]
 Velocity: [-0.007903385907411575,-0.00023295012942980975,0.01066662184894085]
 3D dimentions: [0.516417920589447,1.5809534788131714,0.5164180397987366]
 2D mask available
 Keypoint 2D 
    [1729.01660156  523.72937012]
    [1577.4173584   620.10784912]
    [1477.6394043   637.58807373]
    [1476.8223877   817.85174561]
    [1488.03063965  991.82769775]
    [1667.92431641  604.25183105]
    [1664.51794434  768.46704102]
    [1674.27160645  926.65356445]
    [1518.54333496  990.01605225]
    [1517.75244141 1274.34680176]
    [1518.98925781 1518.64685059]
    [1610.83740234  957.49511719]
    [1608.12719727 1229.70812988]
    [1607.79797363 1463.93469238]
    [1715.96508789  495.89077759]
    [1721.67932129  477.84439087]
    [1624.50756836  500.53887939]
    [1646.66687012  452.07183838]

 Keypoint 3D 
    [ 1.0235021   0.03064554 -1.5082433 ]
    [ 0.86748403 -0.10771337 -1.6035268 ]
    [ 0.6870511  -0.12667102 -1.5253991 ]
    [ 0.69665784 -0.38218078 -1.5492791 ]
    [ 0.7142236  -0.62845004 -1.5531981 ]
    [ 1.0479171  -0.08875572 -1.6816546 ]
    [ 1.0575238 -0.3442655 -1.7055346]
    [ 1.0750898 -0.5905346 -1.7094536]
    [ 0.7999915 -0.6612268 -1.6408746]
    [ 0.81693375 -1.1093645  -1.6780963 ]
    [ 0.8334005 -1.5079066 -1.7079821]
    [ 0.9826901 -0.642343  -1.7200241]
    [ 0.99963224 -1.0904808  -1.7572458 ]
    [ 1.0160991 -1.4890226 -1.7871317]
    [ 0.98306006  0.06721792 -1.4743893 ]
    [ 1.019662    0.09404227 -1.5174791 ]
    [ 0.8700667   0.06166409 -1.4905212 ]
    [ 0.9737723   0.13766643 -1.6126087 ]



2 Person(s) detected

1 th Person attributes:

 Confidence (43/100)
 Tracking ID: 0 tracking state: OK / IDLE
 3D position: [-0.11925569921731949,-0.957411527633667,-1.1495449542999268]
 Velocity: [-0.013128843158483505,-0.0004393839917611331,-0.032590970396995544]
 3D dimentions: [0.5203761458396912,2.0497701168060303,0.5203763246536255]
 2D mask available
 Keypoint 2D 
    [815.6706543  514.18414307]
    [850.98864746 665.81860352]
    [739.99029541 659.96551514]
    [741.54486084 871.2388916 ]
    [ 744.08355713 1075.12902832]
    [980.25244141 672.63494873]
    [1017.42504883  908.90905762]
    [1037.53137207 1145.36791992]
    [ 783.63336182 1166.88037109]
    [ 786.92706299 1585.75634766]
    [ 795.07659912 1954.54174805]
    [ 933.04058838 1224.88977051]
    [ 937.72906494 1686.09521484]
    [ 946.69897461 2091.78857422]
    [833.50097656 484.26828003]
    [828.00689697 480.22357178]
    [884.04907227 502.7901001 ]
    [875.53375244 493.6355896 ]

 Keypoint 3D 
    [-0.17207763  0.03313446 -1.1432067 ]
    [-0.13722779 -0.1258846  -1.1584264 ]
    [-0.27326107 -0.1288316  -1.2464936 ]
    [-0.27061424 -0.36669636 -1.242418  ]
    [-0.2671968 -0.5954202 -1.2398466]
    [-0.00119449 -0.12293765 -1.0703591 ]
    [ 0.03542096 -0.3575251  -1.0855674 ]
    [ 0.05474101 -0.5852647  -1.0758555 ]
    [-0.21595645 -0.6775841  -1.2023964 ]
    [-0.21099381 -1.1274903  -1.1946539 ]
    [-0.20214981 -1.5273924  -1.194619  ]
    [-0.048096  -0.6739405 -1.0937246]
    [-0.04313334 -1.1238464  -1.0859818 ]
    [-0.03428933 -1.5237486  -1.0859473 ]
    [-0.15761192  0.06586868 -1.173269  ]
    [-0.1553874   0.06670944 -1.1153018 ]
    [-0.10862544  0.0482985  -1.2281201 ]
    [-0.10232259  0.05068066 -1.0638797 ]

2 th Person attributes:

 Confidence (40/100)
 Tracking ID: 1 tracking state: OK / IDLE
 3D position: [0.8788745403289795,-0.6512678861618042,-1.6238114833831787]
 Velocity: [-0.006232650484889746,-0.00018942452152259648,0.004391723312437534]
 3D dimentions: [0.5166123509407043,1.581403136253357,0.5166124105453491]
 2D mask available
 Keypoint 2D 
    [1729.84997559  521.34448242]
    [1577.46276855  620.09729004]
    [1477.51916504  637.06561279]
    [1476.32641602  817.21081543]
    [1487.30688477  991.14025879]
    [1668.15429688  604.69976807]
    [1664.39318848  768.85742188]
    [1673.96337891  927.05200195]
    [1517.05004883  989.64331055]
    [1515.6973877  1273.83520508]
    [1516.45324707 1518.00170898]
    [1609.59350586  957.64489746]
    [1606.33654785 1229.7635498 ]
    [1605.53991699 1463.89575195]
    [1716.45715332  495.64944458]
    [1721.7635498   475.36380005]
    [1625.19226074  503.29348755]
    [1646.10852051  448.5859375 ]

 Keypoint 3D 
    [ 1.0262653   0.03396454 -1.5106307 ]
    [ 0.86772794 -0.10772014 -1.6038556 ]
    [ 0.6871628  -0.12599848 -1.5260168 ]
    [ 0.696271   -0.38144955 -1.5499706 ]
    [ 0.71343285 -0.62768304 -1.553699  ]
    [ 1.0482931  -0.08944178 -1.6816944 ]
    [ 1.0574012  -0.34489286 -1.7056483 ]
    [ 1.0745631 -0.5911264 -1.7093767]
    [ 0.7981064  -0.66095257 -1.6415722 ]
    [ 0.8141909 -1.1091135 -1.678896 ]
    [ 0.82989454 -1.5076803  -1.7088593 ]
    [ 0.98099035 -0.6427357  -1.7204496 ]
    [ 0.99707496 -1.0908966  -1.7577732 ]
    [ 1.0127785 -1.4894634 -1.7877365]
    [ 0.98441464  0.06758872 -1.4754326 ]
    [ 1.0197968   0.09746122 -1.5175072 ]
    [ 0.8717088   0.05798453 -1.4917461 ]
    [ 0.97195846  0.14262328 -1.6109569 ]



2 Person(s) detected

1 th Person attributes:

 Confidence (43/100)
 Tracking ID: 0 tracking state: OK / IDLE
 3D position: [-0.11425148695707321,-0.9219213724136353,-1.1119976043701172]
 Velocity: [-0.002812399994581938,-9.965775825548917e-05,-0.011453314684331417]
 3D dimentions: [0.5035380721092224,1.974165439605713,0.5035379528999329]
 2D mask available
 Keypoint 2D 
    [823.20544434 510.33468628]
    [853.35540771 666.9175415 ]
    [730.29559326 661.14080811]
    [729.67468262 881.12799072]
    [ 729.68157959 1093.82519531]
    [992.0960083  673.43041992]
    [1027.98974609  920.04901123]
    [1061.43664551 1162.83483887]
    [ 769.62927246 1190.45861816]
    [ 768.4296875  1629.26159668]
    [ 772.66516113 2014.45776367]
    [ 939.13616943 1241.10351562]
    [ 939.25195312 1716.14733887]
    [ 943.77178955 2132.74389648]
    [845.59893799 480.80541992]
    [834.16455078 476.39675903]
    [902.08215332 500.9914856 ]
    [876.84698486 491.009552  ]

 Keypoint 3D 
    [-0.16161992  0.03653305 -1.1248454 ]
    [-0.13019967 -0.12276047 -1.1194007 ]
    [-0.27053925 -0.12389144 -1.1864479 ]
    [-0.27017936 -0.3594593  -1.1819476 ]
    [-0.26939332 -0.5859815  -1.1785412 ]
    [ 0.01013991 -0.12162948 -1.0523536 ]
    [ 0.04410981 -0.35465568 -1.0447743 ]
    [ 0.07504077 -0.5788183  -1.0338709 ]
    [-0.22139719 -0.6733766  -1.1512046 ]
    [-0.2209476 -1.1232902 -1.1423984]
    [-0.216627  -1.5232666 -1.1427773]
    [-0.0409393  -0.67191035 -1.0649908 ]
    [-0.04048972 -1.1218239  -1.0561845 ]
    [-0.03616911 -1.5218004  -1.0565635 ]
    [-0.14224301  0.06836331 -1.1531358 ]
    [-0.14645113  0.06930535 -1.0950987 ]
    [-0.0866589   0.04924572 -1.2022895 ]
    [-0.09858188  0.05191484 -1.0378513 ]

2 th Person attributes:

 Confidence (47/100)
 Tracking ID: 1 tracking state: OK / IDLE
 3D position: [0.8784415125846863,-0.6511628031730652,-1.623575210571289]
 Velocity: [-0.004244502633810043,-0.00012893276289105415,0.002381082158535719]
 3D dimentions: [0.5166125893592834,1.581186294555664,0.5166125893592834]
 2D mask available
 Keypoint 2D 
    [1731.21899414  522.20709229]
    [1577.44909668  620.06115723]
    [1477.57397461  636.76977539]
    [1476.109375    816.91265869]
    [1486.79943848  990.84869385]
    [1668.06982422  604.90075684]
    [1664.07739258  769.03027344]
    [1673.38891602  927.21173096]
    [1516.70666504  989.66046143]
    [1514.92504883 1273.99365234]
    [1515.30737305 1518.31726074]
    [1609.23828125  957.85736084]
    [1605.58032227 1230.08557129]
    [1604.43261719 1464.3458252 ]
    [1717.61987305  495.65341187]
    [1723.05908203  476.27615356]
    [1626.1270752  502.5765686]
    [1647.46984863  450.37689209]

 Keypoint 3D 
    [ 1.0268629   0.03274083 -1.5087506 ]
    [ 0.8679266  -0.10769463 -1.6042597 ]
    [ 0.6873771  -0.12561394 -1.5263242 ]
    [ 0.696051   -0.38107678 -1.5501609 ]
    [ 0.71278    -0.62732714 -1.5538356 ]
    [ 1.0484761 -0.0897753 -1.6821953]
    [ 1.05715    -0.34523818 -1.706032  ]
    [ 1.0738789 -0.5914885 -1.7097068]
    [ 0.7974666  -0.66087186 -1.6413085 ]
    [ 0.81280696 -1.1090726  -1.6784687 ]
    [ 0.8278453 -1.5076752 -1.7082989]
    [ 0.98034215 -0.6430062  -1.7202852 ]
    [ 0.9956825 -1.0912068 -1.7574453]
    [ 1.0107207 -1.4898095 -1.7872756]
    [ 0.9852737   0.06753554 -1.4743878 ]
    [ 1.0211569   0.09616436 -1.5168761 ]
    [ 0.872534    0.05892562 -1.490993  ]
    [ 0.97420293  0.14004059 -1.6113764 ]



2 Person(s) detected

1 th Person attributes:

 Confidence (44/100)
 Tracking ID: 0 tracking state: OK / IDLE
 3D position: [-0.11373361945152283,-0.913697361946106,-1.103435754776001]
 Velocity: [-0.0014839554205536842,-3.618322080001235e-05,0.009089486673474312]
 3D dimentions: [0.5016423463821411,1.9568848609924316,0.5016422867774963]
 2D mask available
 Keypoint 2D 
    [829.70092773 510.50198364]
    [852.59204102 665.73657227]
    [720.22540283 658.1897583 ]
    [717.35339355 883.54406738]
    [ 715.11218262 1100.3157959 ]
    [997.0088501  673.97045898]
    [1034.06542969  919.91540527]
    [1070.25085449 1161.0345459 ]
    [ 752.58734131 1196.04321289]
    [ 746.81256104 1637.03259277]
    [ 745.55773926 2021.66430664]
    [ 934.51989746 1238.09716797]
    [ 928.97015381 1705.41040039]
    [ 926.90332031 2112.51831055]
    [854.39526367 481.33007812]
    [840.79571533 476.57174683]
    [914.14874268 502.48745728]
    [882.94189453 491.6086731 ]

 Keypoint 3D 
    [-0.15425411  0.03619023 -1.1195254 ]
    [-0.12914486 -0.11986139 -1.1037551 ]
    [-0.27317017 -0.11718874 -1.1518089 ]
    [-0.27582398 -0.3523736  -1.1503527 ]
    [-0.27805695 -0.57852024 -1.1499082 ]
    [ 0.01488043 -0.12253404 -1.0557014 ]
    [ 0.04992519 -0.3549057  -1.0458846 ]
    [ 0.08348853 -0.57834285 -1.0360458 ]
    [-0.23525937 -0.6680039  -1.1322067 ]
    [-0.24048598 -1.1179613  -1.1288798 ]
    [-0.24270003 -1.5179316  -1.1332133 ]
    [-0.04556957 -0.6714693  -1.0689156 ]
    [-0.05079615 -1.1214265  -1.0655887 ]
    [-0.0530102 -1.521397  -1.0699222]
    [-0.13234578  0.06746277 -1.1471616 ]
    [-0.13908063  0.06874663 -1.0890042 ]
    [-0.07297585  0.04728045 -1.1938927 ]
    [-0.09205793  0.05091803 -1.0291132 ]

2 th Person attributes:

 Confidence (43/100)
 Tracking ID: 1 tracking state: OK / IDLE
 3D position: [0.8751551508903503,-0.6491464376449585,-1.6166706085205078]
 Velocity: [-0.0038211243227124214,-0.00011241405445616692,0.006639596540480852]
 3D dimentions: [0.5150249004364014,1.5761481523513794,0.5150249004364014]
 2D mask available
 Keypoint 2D 
    [1732.89685059  521.15643311]
    [1576.62316895  617.01293945]
    [1477.23803711  635.50054932]
    [1476.98864746  816.01452637]
    [1488.64575195  990.1361084 ]
    [1666.71643066  600.25372314]
    [1663.84899902  764.61749268]
    [1673.99084473  922.84661865]
    [1520.59838867  988.8605957 ]
    [1520.72094727 1274.43762207]
    [1522.75024414 1519.8157959 ]
    [1612.72070312  955.14593506]
    [1610.89086914 1228.44177246]
    [1611.32543945 1463.60864258]
    [1720.91589355  493.98446655]
    [1724.39929199  475.24838257]
    [1630.54455566  500.44659424]
    [1646.86743164  449.93728638]

 Keypoint 3D 
    [ 1.0260067  0.0340751 -1.5041264]
    [ 0.8626454  -0.10276947 -1.5967108 ]
    [ 0.68334985 -0.12321309 -1.5184097 ]
    [ 0.6936565  -0.37783465 -1.5420868 ]
    [ 0.71183383 -0.6232135  -1.5461242 ]
    [ 1.0419409  -0.08232585 -1.6750119 ]
    [ 1.0522476  -0.33694744 -1.698689  ]
    [ 1.0704249  -0.58232623 -1.7027264 ]
    [ 0.7997568 -0.6567991 -1.6341403]
    [ 0.81804955 -1.1049024  -1.671138  ]
    [ 0.835723  -1.5034064 -1.7008406]
    [ 0.9820653  -0.63636464 -1.7138021 ]
    [ 1.000358  -1.0844679 -1.7507998]
    [ 1.0180315 -1.482972  -1.7805023]
    [ 0.9859341   0.06950486 -1.4687992 ]
    [ 1.0202984   0.09732171 -1.5128667 ]
    [ 0.8727133   0.06140053 -1.4811498 ]
    [ 0.97007906  0.14021495 -1.6060082 ]



2 Person(s) detected

1 th Person attributes:

 Confidence (44/100)
 Tracking ID: 0 tracking state: OK / IDLE
 3D position: [-0.11544153839349747,-0.9193103313446045,-1.1168854236602783]
 Velocity: [-0.0010033516446128488,-2.8528211259981617e-05,0.003308669663965702]
 3D dimentions: [0.5076683759689331,1.9693607091903687,0.5076683163642883]
 2D mask available
 Keypoint 2D 
    [831.95922852 516.73406982]
    [852.25524902 667.05517578]
    [718.44012451 659.51428223]
    [716.42803955 883.94299316]
    [ 714.43823242 1098.9239502 ]
    [996.45074463 675.1809082 ]
    [1032.60217285  914.18231201]
    [1064.66918945 1149.62988281]
    [ 753.25341797 1191.05187988]
    [ 749.25323486 1620.42895508]
    [ 746.1918335  1998.11401367]
    [ 936.2713623  1228.08959961]
    [ 931.33630371 1678.94848633]
    [ 927.31317139 2075.31518555]
    [858.41912842 487.19598389]
    [842.93414307 483.97851562]
    [921.94647217 507.08615112]
    [885.56842041 500.59381104]

 Keypoint 3D 
    [-0.15340526  0.03014073 -1.1301795 ]
    [-0.13009614 -0.121757   -1.1089875 ]
    [-0.27469927 -0.11842822 -1.1503954 ]
    [-0.27737585 -0.35353643 -1.1527861 ]
    [-0.27998522 -0.5796028  -1.1549603 ]
    [ 0.01450701 -0.12508577 -1.0675795 ]
    [ 0.04966133 -0.3575646  -1.070133  ]
    [ 0.08014087 -0.5814158  -1.061233  ]
    [-0.23689392 -0.66942734 -1.1434004 ]
    [-0.24196902 -1.1193775  -1.1477787 ]
    [-0.24619943 -1.5193255  -1.1526506 ]
    [-0.04466782 -0.67379266 -1.0883541 ]
    [-0.04974292 -1.1237429  -1.0927324 ]
    [-0.05397332 -1.5236909  -1.0976043 ]
    [-0.12918028  0.0618448  -1.1563361 ]
    [-0.13810651  0.06193558 -1.0980672 ]
    [-0.06491574  0.0425527  -1.201128  ]
    [-0.09020671  0.04280989 -1.0360329 ]

2 th Person attributes:

 Confidence (49/100)
 Tracking ID: 1 tracking state: OK / IDLE
 3D position: [0.8778969645500183,-0.6509937047958374,-1.621565580368042]
 Velocity: [-0.0024254806339740753,-7.216035737656057e-05,0.00404293043538928]
 3D dimentions: [0.5167233347892761,1.5809519290924072,0.5167232155799866]
 2D mask available
 Keypoint 2D 
    [1731.41394043  521.47314453]
    [1577.31665039  615.69396973]
    [1477.59106445  632.99206543]
    [1476.91442871  812.73144531]
    [1488.12817383  986.12286377]
    [1667.86816406  599.98724365]
    [1664.5916748   763.88452148]
    [1674.35058594  921.69915771]
    [1518.61352539  985.92810059]
    [1518.05883789 1270.48669434]
    [1519.49645996 1514.96118164]
    [1611.29101562  953.58099365]
    [1608.79431152 1226.08557129]
    [1608.6484375  1460.54162598]
    [1718.77246094  493.57904053]
    [1724.11218262  475.56268311]
    [1627.34777832  497.97042847]
    [1648.50561523  449.58636475]

 Keypoint 3D 
    [ 1.0252388   0.03368397 -1.5059729 ]
    [ 0.8665312  -0.10119408 -1.6020361 ]
    [ 0.6867117 -0.1202589 -1.5247939]
    [ 0.69648844 -0.37481868 -1.5486145 ]
    [ 0.71409285 -0.62017345 -1.5526153 ]
    [ 1.0463506  -0.08212928 -1.6792784 ]
    [ 1.0561274  -0.33668905 -1.703099  ]
    [ 1.0737319 -0.5820437 -1.7070998]
    [ 0.7996119 -0.6547411 -1.6398816]
    [ 0.8169386 -1.1028605 -1.6771479]
    [ 0.83373946 -1.5013862  -1.7070658 ]
    [ 0.98252296 -0.6356649  -1.7184926 ]
    [ 0.9998497 -1.0837843 -1.7557588]
    [ 1.0166506 -1.4823099 -1.7856767]
    [ 0.985126   0.0701915 -1.4718622]
    [ 1.0212246  0.0970155 -1.5148256]
    [ 0.87213635  0.06500726 -1.4874971 ]
    [ 0.97441596  0.14100862 -1.6092265 ]



2 Person(s) detected

1 th Person attributes:

 Confidence (42/100)
 Tracking ID: 0 tracking state: OK / IDLE
 3D position: [-0.11795497685670853,-0.9357845187187195,-1.1219613552093506]
 Velocity: [-2.8094944354961626e-05,8.983235602499917e-05,0.0709943026304245]
 3D dimentions: [0.5207383036613464,2.006463050842285,0.5207383036613464]
 2D mask available
 Keypoint 2D 
    [826.8626709  511.15567017]
    [850.18133545 666.57684326]
    [728.58312988 659.21221924]
    [735.79528809 875.2197876 ]
    [ 737.59643555 1082.84375   ]
    [986.44909668 674.83001709]
    [1025.3347168   916.41589355]
    [1055.92248535 1156.92346191]
    [ 784.75115967 1167.1986084 ]
    [ 797.09002686 1565.91479492]
    [ 806.2769165  1911.99536133]
    [ 950.94268799 1215.4395752 ]
    [ 961.13531494 1642.9173584 ]
    [ 968.71453857 2013.30566406]
    [855.00970459 473.33578491]
    [840.78887939 482.04650879]
    [920.81219482 489.42330933]
    [889.50384521 518.25872803]

 Keypoint 3D 
    [-0.15244131  0.03446392 -1.0860591 ]
    [-0.1327784  -0.12182095 -1.1139752 ]
    [-0.27029425 -0.12087981 -1.1773467 ]
    [-0.26516414 -0.35519898 -1.1889061 ]
    [-0.26391345 -0.5808087  -1.1920373 ]
    [ 0.00473745 -0.12276208 -1.0506037 ]
    [ 0.04197187 -0.35441956 -1.0543225 ]
    [ 0.07043307 -0.5779275  -1.04227   ]
    [-0.21226649 -0.6701341  -1.1885668 ]
    [-0.20242675 -1.1195476  -1.2093178 ]
    [-0.1948661 -1.5191609 -1.2251922]
    [-0.03063019 -0.6713235  -1.1048598 ]
    [-0.02079044 -1.1207372  -1.125611  ]
    [-0.0132298 -1.5203505 -1.1414853]
    [-0.12708476  0.07312874 -1.1069118 ]
    [-0.13372527  0.06089267 -1.0470209 ]
    [-0.06391566  0.05972171 -1.1605136 ]
    [-0.08273049  0.02505283 -0.99082226]

2 th Person attributes:

 Confidence (49/100)
 Tracking ID: 1 tracking state: OK / IDLE
 3D position: [0.8788642287254333,-0.6510818004608154,-1.624152421951294]
 Velocity: [0.0004684927698690444,8.50121068651788e-06,-0.004633662290871143]
 3D dimentions: [0.5169081687927246,1.5812039375305176,0.5169081091880798]
 2D mask available
 Keypoint 2D 
    [1733.38354492  520.16894531]
    [1577.56347656  619.79248047]
    [1478.30029297  636.44934082]
    [1476.8951416   815.86035156]
    [1487.5690918  989.0614624]
    [1667.65332031  604.67492676]
    [1663.73779297  768.17974854]
    [1673.03039551  925.73730469]
    [1516.7545166   989.16790771]
    [1515.07971191 1273.34057617]
    [1515.55957031 1517.52832031]
    [1609.12939453  957.33532715]
    [1605.57666016 1229.39318848]
    [1604.52490234 1463.50866699]
    [1720.57348633  493.21838379]
    [1724.30700684  474.92019653]
    [1631.7310791   501.64120483]
    [1648.54064941  452.16372681]

 Keypoint 3D 
    [ 1.0299174   0.03553546 -1.5088823 ]
    [ 0.8684538 -0.1073479 -1.6049262]
    [ 0.68876743 -0.12523974 -1.5271753 ]
    [ 0.6975127 -0.3797897 -1.5509524]
    [ 0.71426827 -0.6251585  -1.5547123 ]
    [ 1.0481403  -0.08945607 -1.6826771 ]
    [ 1.0568856  -0.34400615 -1.7064543 ]
    [ 1.0736411  -0.58937484 -1.7102141 ]
    [ 0.7979813  -0.66050506 -1.6422211 ]
    [ 0.81349736 -1.1086973  -1.6794074 ]
    [ 0.82869875 -1.5072926  -1.7092526 ]
    [ 0.98078316 -0.6425915  -1.721358  ]
    [ 0.9962992 -1.0907838 -1.7585442]
    [ 1.0115006 -1.489379  -1.7883894]
    [ 0.9894537   0.07081087 -1.4747257 ]
    [ 1.0240257   0.09814177 -1.5185821 ]
    [ 0.87843263  0.06007628 -1.488136  ]
    [ 0.9763868   0.13751385 -1.6123965 ]



2 Person(s) detected

1 th Person attributes:

 Confidence (44/100)
 Tracking ID: 0 tracking state: OK / IDLE
 3D position: [-0.11170605570077896,-0.8980783224105835,-1.0889618396759033]
 Velocity: [0.007365771569311619,0.00024532046518288553,0.012342981994152069]
 3D dimentions: [0.5022795796394348,1.9258493185043335,0.5022796392440796]
 2D mask available
 Keypoint 2D 
    [834.89074707 531.35919189]
    [855.17840576 669.83416748]
    [733.02301025 664.22161865]
    [735.52160645 885.01593018]
    [ 737.71209717 1097.45251465]
    [992.11578369 676.1260376 ]
    [1029.21862793  927.31707764]
    [1066.48571777 1177.7980957 ]
    [ 776.29626465 1197.98742676]
    [ 780.7923584 1633.7208252]
    [ 788.9697876  2012.54577637]
    [ 949.62243652 1248.12121582]
    [ 954.56396484 1718.47338867]
    [ 962.35314941 2126.68969727]
    [860.43719482 493.04971313]
    [841.00402832 495.62884521]
    [933.40618896 504.66116333]
    [887.34851074 514.47924805]

 Keypoint 3D 
    [-0.1448931   0.01458191 -1.0888156 ]
    [-0.12580267 -0.12323176 -1.097208  ]
    [-0.2615929  -0.12435322 -1.1598068 ]
    [-0.25897622 -0.3568386  -1.1598697 ]
    [-0.25661084 -0.5803838  -1.159603  ]
    [ 0.00998753 -0.12211033 -1.034609  ]
    [ 0.04398977 -0.3512824  -1.0151069 ]
    [ 0.07692477 -0.5716481  -0.996877  ]
    [-0.21214187 -0.67397594 -1.1389216 ]
    [-0.20739524 -1.1239504  -1.138383  ]
    [-0.20004734 -1.5238332  -1.144693  ]
    [-0.03051795 -0.67245126 -1.0551934 ]
    [-0.02577129 -1.122426   -1.0546547 ]
    [-0.01842338 -1.5223088  -1.0609647 ]
    [-0.12225371  0.05359231 -1.1125786 ]
    [-0.13416015  0.04821279 -1.052035  ]
    [-0.05051397  0.04355312 -1.1574455 ]
    [-0.08424886  0.02831114 -0.9859049 ]

2 th Person attributes:

 Confidence (49/100)
 Tracking ID: 1 tracking state: OK / IDLE
 3D position: [0.87840336561203,-0.6506942510604858,-1.622539758682251]
 Velocity: [-0.0001662241411395371,-3.5775883588939905e-06,0.0010110515868291259]
 3D dimentions: [0.51674884557724,1.5804160833358765,0.5167487859725952]
 2D mask available
 Keypoint 2D 
    [1733.17565918  518.80633545]
    [1577.48791504  617.55090332]
    [1477.71594238  632.51031494]
    [1475.21618652  812.07733154]
    [1484.93151855  985.52056885]
    [1668.09631348  603.96539307]
    [1663.19104004  767.66229248]
    [1671.66259766  925.51251221]
    [1512.93127441  986.95837402]
    [1509.59741211 1271.70874023]
    [1508.64624023 1516.47473145]
    [1606.05126953  956.69567871]
    [1600.91162109 1229.33483887]
    [1598.49145508 1464.02661133]
    [1720.12402344  491.28671265]
    [1724.98706055  473.46270752]
    [1630.57421875  498.37286377]
    [1650.36181641  450.29388428]

 Keypoint 3D 
    [ 1.0283186   0.03735417 -1.5069567 ]
    [ 0.86787397 -0.10402571 -1.6040577 ]
    [ 0.68780977 -0.11975322 -1.5268481 ]
    [ 0.69490874 -0.37433407 -1.5504165 ]
    [ 0.7101009 -0.6197727 -1.5537386]
    [ 1.0479381  -0.08829822 -1.6812671 ]
    [ 1.055037  -0.3428791 -1.7048358]
    [ 1.0702292  -0.58831763 -1.7081578 ]
    [ 0.79139537 -0.6564759  -1.640384  ]
    [ 0.80410147 -1.1047837  -1.677243  ]
    [ 0.81679356 -1.503489   -1.7067906 ]
    [ 0.9746264  -0.64070654 -1.7189827 ]
    [ 0.98733246 -1.0890144  -1.7558416 ]
    [ 1.0000247 -1.4877197 -1.7853892]
    [ 0.98798674  0.07333268 -1.4734353 ]
    [ 1.0237112   0.10002871 -1.5167273 ]
    [ 0.87712175  0.06451008 -1.4885639 ]
    [ 0.978341    0.14014879 -1.6112244 ]



2 Person(s) detected

1 th Person attributes:

 Confidence (41/100)
 Tracking ID: 0 tracking state: OK / IDLE
 3D position: [-0.12149238586425781,-0.9482457041740417,-1.166237235069275]
 Velocity: [-0.0037319562397897243,-0.00014502994599752128,-0.024757232517004013]
 3D dimentions: [0.5331949591636658,2.0322933197021484,0.5331949591636658]
 2D mask available
 Keypoint 2D 
    [827.91400146 539.69561768]
    [851.52337646 670.93078613]
    [740.76416016 666.34802246]
    [752.44824219 882.85949707]
    [ 760.26525879 1092.41503906]
    [985.08856201 676.45715332]
    [1016.30145264  926.32958984]
    [1025.89172363 1173.9029541 ]
    [ 814.33837891 1159.19543457]
    [ 835.3326416  1559.19519043]
    [ 853.49676514 1914.04211426]
    [ 953.04315186 1218.85656738]
    [ 976.03796387 1662.65563965]
    [ 995.98779297 2056.265625  ]
    [857.73236084 504.63723755]
    [829.73651123 504.42449951]
    [936.47503662 517.29418945]
    [863.63348389 518.61999512]

 Keypoint 3D 
    [-0.16257179  0.00679254 -1.1661624 ]
    [-0.13768186 -0.13223684 -1.1670418 ]
    [-0.27882814 -0.13927189 -1.2759768 ]
    [-0.26560467 -0.39051798 -1.2774699 ]
    [-0.25601324 -0.632235   -1.2748497 ]
    [ 0.00346442 -0.12520178 -1.0581068 ]
    [ 0.03422279 -0.3736997  -1.0826912 ]
    [ 0.04353519 -0.6154254  -1.0798773 ]
    [-0.18684487 -0.6853488  -1.2314198 ]
    [-0.16370055 -1.1347466  -1.2338656 ]
    [-0.14354466 -1.5342351  -1.2354981 ]
    [-0.02863849 -0.67747366 -1.1093185 ]
    [-0.00549415 -1.1268715  -1.1117643 ]
    [ 0.01466174 -1.5263602  -1.1133968 ]
    [-0.13333394  0.04468698 -1.1868932 ]
    [-0.15552554  0.04272598 -1.1290174 ]
    [-0.04968878  0.03181564 -1.2161705 ]
    [-0.11256493  0.02625945 -1.052189  ]

2 th Person attributes:

 Confidence (49/100)
 Tracking ID: 1 tracking state: OK / IDLE
 3D position: [0.8788490295410156,-0.6507090926170349,-1.6236562728881836]
 Velocity: [0.0006254207110032439,1.7213713363162242e-05,-0.0019443630008026958]
 3D dimentions: [0.5168331265449524,1.5803951025009155,0.5168333053588867]
 2D mask available
 Keypoint 2D 
    [1727.12792969  524.72045898]
    [1577.40234375  619.66760254]
    [1477.89038086  635.67272949]
    [1475.82202148  815.13079834]
    [1485.81359863  988.41436768]
    [1667.7520752   605.13598633]
    [1663.24377441  768.72277832]
    [1671.93273926  926.40454102]
    [1515.13842773  989.10021973]
    [1512.39160156 1273.59790039]
    [1511.94750977 1518.13171387]
    [1607.88464355  957.87469482]
    [1603.31164551 1230.26403809]
    [1601.38012695 1464.7265625 ]
    [1715.63537598  496.91403198]
    [1721.84228516  478.98150635]
    [1625.8918457   500.29904175]
    [1649.13745117  452.17559814]

 Keypoint 3D 
    [ 1.0222846   0.02932785 -1.510265  ]
    [ 0.8679511  -0.10713287 -1.6044308 ]
    [ 0.6881232 -0.1241494 -1.5270066]
    [ 0.69584894 -0.3786795  -1.550612  ]
    [ 0.7115709 -0.6240527 -1.5542325]
    [ 1.0477791 -0.0901163 -1.6818552]
    [ 1.0555049  -0.34464645 -1.7054604 ]
    [ 1.0712268 -0.5900196 -1.709081 ]
    [ 0.7951178 -0.660027  -1.6412834]
    [ 0.80882275 -1.1082997  -1.6782117 ]
    [ 0.8224073 -1.5069705 -1.7078263]
    [ 0.9781324  -0.64297044 -1.7201173 ]
    [ 0.9918374 -1.0912433 -1.7570455]
    [ 1.0054219 -1.4899141 -1.7866601]
    [ 0.983405    0.06590104 -1.4755691 ]
    [ 1.0201474   0.09249949 -1.5178674 ]
    [ 0.87230957  0.06201494 -1.4911536 ]
    [ 0.9764133   0.13737726 -1.610999  ]
