2 Person(s) detected
First Person attributes:
 Confidence (65/100)
 Tracking ID: 0 tracking state: OFF / IDLE
 3D position: [-0.09168630838394165,-0.696959376335144,-1.0866848230361938]
 Velocity: [nan,nan,nan]
 3D dimentions: [0.5025653839111328,1.5313254594802856,0.5025653839111328]
 2D mask available
 Keypoint 2D 
    [840.03057861 512.00024414]
    [877.93426514 674.93890381]
    [760.01715088 671.28979492]
    [772.76123047 880.63482666]
    [ 777.36395264 1083.78222656]
    [1007.82336426  678.95849609]
    [1048.99658203  920.18457031]
    [1091.71533203 1164.96765137]
    [ 824.73022461 1187.5324707 ]
    [ 847.51086426 1590.60046387]
    [ 865.65405273 1937.71411133]
    [1001.60284424 1229.28430176]
    [1021.82739258 1659.17004395]
    [1038.06958008 2028.55651855]
    [829.08825684 476.05697632]
    [870.2857666  482.18228149]
    [815.2612915  486.36331177]
    [929.35180664 504.0451355 ]

 Keypoint 3D 
    [-0.13133611  0.03167125 -1.0231265 ]
    [-0.101214  -0.1259265 -1.0770949]
    [-0.22693327 -0.128271   -1.1291314 ]
    [-0.2164976 -0.3469907 -1.14298  ]
    [-0.211798   -0.55790544 -1.1433835 ]
    [ 0.02450527 -0.12358199 -1.0250584 ]
    [ 0.06098267 -0.33787668 -0.9952888 ]
    [ 0.09691122 -0.54405904 -0.96873313]
    [-0.1649843 -0.6751149 -1.1597981]
    [-0.1441535 -1.1238868 -1.1856782]
    [-0.12676255 -1.5229938  -1.2059551 ]
    [ 0.01978254 -0.6716432  -1.0833181 ]
    [ 0.04061333 -1.1204152  -1.1091982 ]
    [ 0.05800429 -1.5195222  -1.1294752 ]
    [-0.14372005  0.06606691 -1.0392082 ]
    [-0.10272578  0.05905914 -1.0179892 ]
    [-0.16507684  0.05933649 -1.0943422 ]
    [-0.04892642  0.03948113 -1.034222  ]
First Person attributes:
 Confidence (45/100)
 Tracking ID: 1 tracking state: OFF / IDLE
 3D position: [0.8996456265449524,-0.6683304309844971,-1.610581874847412]
 Velocity: [nan,nan,nan]
 3D dimentions: [0.503869354724884,1.512733817100525,0.5038692355155945]
 2D mask available
 Keypoint 2D 
    [1714.47436523  555.38623047]
    [1594.56860352  599.99346924]
    [1485.15649414  625.59088135]
    [1496.56323242  795.43145752]
    [1514.20666504  958.94824219]
    [1697.9675293   575.80285645]
    [1706.58422852  736.91204834]
    [1722.91186523  891.64855957]
    [1575.44946289  976.1784668 ]
    [1595.46264648 1266.90148926]
    [1614.43237305 1519.39587402]
    [1683.92749023  940.71130371]
    [1701.66345215 1223.77490234]
    [1718.82592773 1469.73571777]
    [1695.24621582  532.66577148]
    [1703.15625     518.11010742]
    [1606.23486328  523.18048096]
    [1632.08068848  484.55148315]

 Keypoint 3D 
    [ 1.0141233  -0.01283337 -1.5245409 ]
    [ 0.8858302  -0.07785369 -1.5921217 ]
    [ 0.70718145 -0.1115937  -1.5471355 ]
    [ 0.73107857 -0.3538719  -1.5639966 ]
    [ 0.7574851 -0.5870154 -1.5668185]
    [ 1.064479  -0.0441137 -1.6371081]
    [ 1.088376  -0.2863919 -1.6539693]
    [ 1.1147825  -0.51953536 -1.6567912 ]
    [ 0.8773293 -0.6352375 -1.6275995]
    [ 0.92185557 -1.0822229  -1.6544586 ]
    [ 0.9622455 -1.4796381 -1.6751893]
    [ 1.068242   -0.60008687 -1.6757326 ]
    [ 1.1127682 -1.0470723 -1.7025918]
    [ 1.1531582 -1.4444875 -1.7233224]
    [ 0.97504836  0.01836628 -1.5052866 ]
    [ 1.0051315   0.03899822 -1.5347209 ]
    [ 0.8700885   0.03193441 -1.5346268 ]
    [ 0.9553238   0.09039156 -1.6180243 ]
2 Person(s) detected
First Person attributes:
 Confidence (65/100)
 Tracking ID: 0 tracking state: OK / IDLE
 3D position: [-0.09904234111309052,-0.7223073244094849,-1.1254334449768066]
 Velocity: [-0.00901193916797638,-0.00027588094235397875,0.00386658008210361]
 3D dimentions: [0.5214487314224243,1.587117075920105,0.5214486718177795]
 2D mask available
 Keypoint 2D 
    [841.8939209  514.16900635]
    [874.98291016 671.78564453]
    [759.95141602 666.44732666]
    [770.8895874 872.7041626]
    [ 773.72766113 1072.46594238]
    [1001.58105469  677.66070557]
    [1040.33679199  908.38256836]
    [1075.31933594 1136.44226074]
    [ 818.22198486 1166.71911621]
    [ 837.43048096 1556.00354004]
    [ 852.4798584  1890.48510742]
    [ 988.35528564 1208.9473877 ]
    [1004.69549561 1623.45129395]
    [1017.56390381 1978.77990723]
    [831.16241455 478.89666748]
    [871.3192749  485.40060425]
    [817.25457764 487.85784912]
    [928.46160889 506.48999023]

 Keypoint 3D 
    [-0.13373841  0.0306032  -1.0557488 ]
    [-0.10732453 -0.12665084 -1.1104709 ]
    [-0.23393585 -0.12707625 -1.1636283 ]
    [-0.22530276 -0.34940922 -1.178895  ]
    [-0.22254515 -0.5638323  -1.1803733 ]
    [ 0.0192868  -0.12622541 -1.0573134 ]
    [ 0.05623224 -0.34612116 -1.0527902 ]
    [ 0.08866441 -0.5577809  -1.0411565 ]
    [-0.1774154 -0.6744237 -1.1974672]
    [-0.16021445 -1.1232159  -1.2255652 ]
    [-0.14607841 -1.5223479  -1.2477919 ]
    [ 0.00698767 -0.6737388  -1.1200396 ]
    [ 0.02418861 -1.1225313  -1.1481376 ]
    [ 0.03832464 -1.521663   -1.1703643 ]
    [-0.14612606  0.06533929 -1.071185  ]
    [-0.10500455  0.05786795 -1.0503336 ]
    [-0.16786091  0.05954194 -1.126305  ]
    [-0.05134992  0.03837316 -1.0672258 ]
First Person attributes:
 Confidence (47/100)
 Tracking ID: 1 tracking state: OK / IDLE
 3D position: [0.8899145126342773,-0.667360782623291,-1.580162525177002]
 Velocity: [-0.015426666475832462,-0.0003968380333390087,0.054195526987314224]
 3D dimentions: [0.5023738145828247,1.5088677406311035,0.5023739337921143]
 2D mask available
 Keypoint 2D 
    [1727.10375977  562.60064697]
    [1599.50158691  594.15197754]
    [1493.21362305  633.47857666]
    [1516.01916504  811.51464844]
    [1543.63317871  983.34088135]
    [1698.41967773  557.55224609]
    [1718.50183105  723.73864746]
    [1744.36499023  883.6416626 ]
    [1619.75634766  975.75091553]
    [1660.17907715 1276.18151855]
    [1697.23742676 1540.82214355]
    [1719.68798828  926.63513184]
    [1757.9432373  1216.94555664]
    [1793.2076416  1472.69885254]
    [1708.92675781  541.79083252]
    [1720.83776855  521.784729  ]
    [1614.44384766  528.66668701]
    [1650.36364746  475.24499512]

 Keypoint 3D 
    [ 1.0136731  -0.02241838 -1.4980527 ]
    [ 0.8832399  -0.06865817 -1.5747951 ]
    [ 0.70507383 -0.12037713 -1.5182377 ]
    [ 0.7409592  -0.36789423 -1.527439  ]
    [ 0.7785983  -0.60557747 -1.5261874 ]
    [ 1.0614059  -0.01693919 -1.6313527 ]
    [ 1.0972912  -0.26445633 -1.6405541 ]
    [ 1.1349303  -0.50213957 -1.6393024 ]
    [ 0.92735   -0.6242241 -1.6009728]
    [ 0.99387145 -1.0691004  -1.6136224 ]
    [ 1.0537921 -1.464491  -1.6223258]
    [ 1.1116582  -0.57302785 -1.6593634 ]
    [ 1.1781797 -1.0179042 -1.672013 ]
    [ 1.2381005 -1.4132948 -1.6807165]
    [ 0.971943    0.00577145 -1.4722737 ]
    [ 1.0028131   0.03299376 -1.4945633 ]
    [ 0.8657454   0.02385902 -1.507163  ]
    [ 0.9532107   0.10098889 -1.570317  ]
2 Person(s) detected
First Person attributes:
 Confidence (65/100)
 Tracking ID: 0 tracking state: OK / IDLE
 3D position: [-0.09700050950050354,-0.6989034414291382,-1.090653419494629]
 Velocity: [-0.0030589550733566284,-9.761707042343915e-05,-0.0014825232792645693]
 3D dimentions: [0.5050874352455139,1.5350933074951172,0.5050874948501587]
 2D mask available
 Keypoint 2D 
    [844.52130127 525.40014648]
    [876.27368164 671.80145264]
    [750.50305176 665.38122559]
    [758.90435791 880.42346191]
    [ 759.65582275 1088.61193848]
    [1010.31549072  678.64379883]
    [1049.5814209   909.78710938]
    [1084.73706055 1137.17443848]
    [ 800.84838867 1173.78869629]
    [ 814.89770508 1565.96337891]
    [ 825.52398682 1899.86499023]
    [ 983.05529785 1205.94470215]
    [ 992.22857666 1614.47924805]
    [ 999.16497803 1961.65576172]
    [830.28137207 483.65814209]
    [876.2543335 494.2510376]
    [806.25372314 483.16030884]
    [931.86828613 512.26135254]

 Keypoint 3D 
    [-0.1224922   0.01852271 -0.9855197 ]
    [-0.10262646 -0.12260801 -1.0748885 ]
    [-0.23248503 -0.12004916 -1.1091074 ]
    [-0.22793187 -0.3423571  -1.1284302 ]
    [-0.2277313 -0.5569466 -1.1312567]
    [ 0.02723211 -0.12516688 -1.0406698 ]
    [ 0.06463061 -0.34514487 -1.0457661 ]
    [ 0.0973279 -0.5571282 -1.03865  ]
    [-0.19176136 -0.6663506  -1.1698073 ]
    [-0.18210779 -1.1148989  -1.2046102 ]
    [-0.17440239 -1.5138689  -1.2322446 ]
    [ 0.00159881 -0.6699616  -1.1188288 ]
    [ 0.01125239 -1.1185098  -1.1536317 ]
    [ 0.0189578 -1.5174798 -1.1812661]
    [-0.13598369  0.05616759 -0.99102724]
    [-0.09357295  0.04611623 -0.97988343]
    [-0.16564031  0.05950617 -1.0416305 ]
    [-0.04547651  0.0310273  -1.0100564 ]
First Person attributes:
 Confidence (46/100)
 Tracking ID: 1 tracking state: OK / IDLE
 3D position: [0.8861881494522095,-0.668716549873352,-1.5833028554916382]
 Velocity: [-0.018646439537405968,-0.000579110870603472,0.002569989999756217]
 3D dimentions: [0.5038775205612183,1.5134986639022827,0.5038777589797974]
 2D mask available
 Keypoint 2D 
    [1729.55419922  548.53887939]
    [1596.13220215  594.33660889]
    [1492.25354004  635.23327637]
    [1510.66894531  817.44830322]
    [1529.09240723  989.44628906]
    [1691.63171387  556.7388916 ]
    [1706.56433105  725.19604492]
    [1721.85046387  884.3682251 ]
    [1614.30944824  977.53540039]
    [1643.66064453 1272.92553711]
    [1669.88330078 1528.06628418]
    [1709.12792969  926.08734131]
    [1735.76855469 1210.59338379]
    [1759.72497559 1456.58398438]
    [1715.5847168   526.80731201]
    [1718.06945801  508.32226562]
    [1624.56945801  521.67333984]
    [1636.44494629  472.03024292]

 Keypoint 3D 
    [ 1.020334   -0.00331218 -1.502957  ]
    [ 0.87210804 -0.06842642 -1.5634711 ]
    [ 0.6942598  -0.12113871 -1.4977621 ]
    [ 0.72726756 -0.3729017  -1.5143721 ]
    [ 0.75965744 -0.6150039  -1.5285993 ]
    [ 1.0499563 -0.0157141 -1.6291801]
    [ 1.0829641  -0.26747704 -1.6457901 ]
    [ 1.115354  -0.5095793 -1.6600174]
    [ 0.91504735 -0.6238246  -1.5933304 ]
    [ 0.97402066 -1.0690945  -1.6208422 ]
    [ 1.0269753 -1.4649048 -1.6438646]
    [ 1.0963823  -0.57253003 -1.6603118 ]
    [ 1.1553556 -1.0177999 -1.6878238]
    [ 1.20831   -1.4136102 -1.7108462]
    [ 0.98157406  0.02581031 -1.4733772 ]
    [ 1.0060235   0.05161066 -1.504983  ]
    [ 0.8689804   0.03302095 -1.4889755 ]
    [ 0.9382541   0.10612196 -1.578525  ]
2 Person(s) detected
First Person attributes:
 Confidence (64/100)
 Tracking ID: 0 tracking state: OK / IDLE
 3D position: [-0.09421008825302124,-0.6954413652420044,-1.097989559173584]
 Velocity: [0.004975312855094671,0.0001084801260731183,-0.034552499651908875]
 3D dimentions: [0.5032867193222046,1.5274419784545898,0.503286600112915]
 2D mask available
 Keypoint 2D 
    [844.84197998 527.36151123]
    [879.37512207 672.67523193]
    [752.98309326 667.12072754]
    [761.44000244 882.01983643]
    [ 762.47680664 1090.22363281]
    [1012.984375  678.546875]
    [1049.73547363  907.2265625 ]
    [1082.41149902 1132.12475586]
    [ 803.4901123  1171.60668945]
    [ 817.52423096 1560.30175781]
    [ 828.21044922 1890.68188477]
    [ 986.14575195 1199.38464355]
    [ 995.05236816 1602.17016602]
    [1001.85968018 1943.94372559]
    [831.99481201 484.32229614]
    [877.5        496.35198975]
    [808.32653809 482.07611084]
    [932.46801758 515.012146  ]

 Keypoint 3D 
    [-0.12230802  0.0167826  -0.9863475 ]
    [-0.10026336 -0.12428129 -1.0820355 ]
    [-0.23060334 -0.12212547 -1.1120709 ]
    [-0.22610001 -0.3451595  -1.1322603 ]
    [-0.22560593 -0.56051594 -1.1351346 ]
    [ 0.03007662 -0.12643713 -1.0520002 ]
    [ 0.06566836 -0.34743202 -1.0601604 ]
    [ 0.09653533 -0.56049377 -1.0539285 ]
    [-0.19007242 -0.66795427 -1.1767131 ]
    [-0.18047808 -1.1163896  -1.2129545 ]
    [-0.17272869 -1.5152723  -1.2418107 ]
    [ 0.00479156 -0.6709796  -1.1317811 ]
    [ 0.01438592 -1.1194153  -1.1680228 ]
    [ 0.02213528 -1.5182977  -1.1968787 ]
    [-0.13445786  0.05557654 -0.99113935]
    [-0.0925339   0.04428079 -0.9806114 ]
    [-0.1638315   0.06058677 -1.042589  ]
    [-0.04504696  0.02858213 -1.0127598 ]
First Person attributes:
 Confidence (45/100)
 Tracking ID: 1 tracking state: OK / IDLE
 3D position: [0.893124520778656,-0.6683984994888306,-1.5816326141357422]
 Velocity: [0.006421517580747604,0.00021699198987334967,0.011464749462902546]
 3D dimentions: [0.5043699145317078,1.5151447057724,0.5043699741363525]
 2D mask available
 Keypoint 2D 
    [1732.35961914  546.31707764]
    [1603.66601562  594.05822754]
    [1500.44055176  634.5279541 ]
    [1516.66052246  821.46624756]
    [1535.10803223  998.70275879]
    [1697.86755371  557.12634277]
    [1710.61743164  728.70391846]
    [1726.11352539  891.37030029]
    [1614.5859375   977.64263916]
    [1638.90820312 1273.42871094]
    [1661.58093262 1529.40185547]
    [1706.61755371  926.33288574]
    [1728.37866211 1210.46850586]
    [1748.93261719 1456.58728027]
    [1717.42602539  523.22436523]
    [1720.11755371  506.03500366]
    [1625.27160645  516.23217773]
    [1637.91772461  470.29522705]

 Keypoint 3D 
    [ 1.0214444e+00 -2.8105127e-04 -1.4989715e+00]
    [ 0.88021266 -0.06783224 -1.5588933 ]
    [ 0.7006207  -0.11936789 -1.4876395 ]
    [ 0.73089486 -0.3760533  -1.5048864 ]
    [ 0.7619633  -0.62290764 -1.5165792 ]
    [ 1.0598048  -0.01629659 -1.6301471 ]
    [ 1.0900788  -0.27298203 -1.6473938 ]
    [ 1.1211474 -0.5198363 -1.6590866]
    [ 0.91501653 -0.6236862  -1.5925809 ]
    [ 0.9669858 -1.0697856 -1.620768 ]
    [ 1.014212  -1.466351  -1.6432526]
    [ 1.0951107 -0.5742165 -1.6641271]
    [ 1.1470802 -1.0203159 -1.692314 ]
    [ 1.1943064 -1.4168813 -1.7147987]
    [ 0.9826293  0.0305574 -1.471271 ]
    [ 1.0080886   0.05469485 -1.5038905 ]
    [ 0.8693374   0.04034591 -1.4879627 ]
    [ 0.94147193  0.10873536 -1.5803847 ]
2 Person(s) detected
First Person attributes:
 Confidence (64/100)
 Tracking ID: 0 tracking state: OK / IDLE
 3D position: [-0.09299607574939728,-0.704802930355072,-1.114127516746521]
 Velocity: [0.008100025355815887,0.00024183404457289726,-0.01217610388994217]
 3D dimentions: [0.5107914805412292,1.5488582849502563,0.510791540145874]
 2D mask available
 Keypoint 2D 
    [840.97698975 512.66503906]
    [880.87298584 672.90026855]
    [761.32055664 667.73706055]
    [771.22692871 878.45593262]
    [ 772.5055542  1083.26220703]
    [1009.69226074  678.46374512]
    [1048.47900391  907.42999268]
    [1082.72070312 1132.77587891]
    [ 814.95849609 1170.72143555]
    [ 831.81298828 1559.07592773]
    [ 844.87841797 1890.39819336]
    [ 992.33459473 1205.53759766]
    [1005.01239014 1613.44165039]
    [1014.88592529 1960.68554688]
    [830.49145508 473.39501953]
    [870.69659424 481.50469971]
    [817.45672607 479.56872559]
    [928.34844971 502.38342285]

 Keypoint 3D 
    [-0.13084392  0.03114604 -1.0261583 ]
    [-0.10020294 -0.12627974 -1.0974835 ]
    [-0.22745568 -0.12565698 -1.138431  ]
    [-0.22067915 -0.3488247  -1.1565543 ]
    [-0.21950158 -0.5642091  -1.1574218 ]
    [ 0.02704979 -0.12690252 -1.0565361 ]
    [ 0.06447727 -0.34772378 -1.0604533 ]
    [ 0.09673317 -0.5605488  -1.0528622 ]
    [-0.17929772 -0.6725311  -1.1864551 ]
    [-0.16564545 -1.1211047  -1.2195513 ]
    [-0.1544649 -1.5200721 -1.2460071]
    [ 0.0110831 -0.6733498 -1.1251813]
    [ 0.02473535 -1.1219234  -1.1582775 ]
    [ 0.03591588 -1.5208908  -1.1847333 ]
    [-0.14224496  0.0685043  -1.0381012 ]
    [-0.10249244  0.05977035 -1.0194428 ]
    [-0.16282794  0.06605659 -1.0938818 ]
    [-0.05019573  0.04131038 -1.0410162 ]
First Person attributes:
 Confidence (42/100)
 Tracking ID: 1 tracking state: OK / IDLE
 3D position: [0.8848149180412292,-0.6610407829284668,-1.56101393699646]
 Velocity: [0.010771414265036583,0.00034537806641310453,0.006836476270109415]
 3D dimentions: [0.4980112314224243,1.4973258972167969,0.49801114201545715]
 2D mask available
 Keypoint 2D 
    [1738.50097656  545.93817139]
    [1604.62890625  594.36071777]
    [1496.99194336  635.41027832]
    [1518.89208984  824.50469971]
    [1541.49438477 1005.04083252]
    [1703.5559082   556.63269043]
    [1722.56298828  730.9407959 ]
    [1742.63793945  897.32769775]
    [1628.61791992  984.46923828]
    [1664.72021484 1291.8515625 ]
    [1698.23205566 1562.75805664]
    [1725.51000977  932.86437988]
    [1759.44775391 1228.41455078]
    [1791.15905762 1488.92272949]
    [1722.49047852  521.95452881]
    [1722.36608887  506.99713135]
    [1630.97412109  517.48114014]
    [1636.30432129  477.45907593]

 Keypoint 3D 
    [ 1.0254310e+00  2.3346907e-04 -1.4926139e+00]
    [ 0.8772279 -0.0679235 -1.5512066]
    [ 0.6951045  -0.12040995 -1.4858    ]
    [ 0.72897273 -0.37762836 -1.4946963 ]
    [ 0.7625411 -0.6249013 -1.5004212]
    [ 1.0593513  -0.01543706 -1.6166131 ]
    [ 1.0932196  -0.27265546 -1.6255094 ]
    [ 1.126788   -0.51992846 -1.6312344 ]
    [ 0.92117167 -0.6239846  -1.5685296 ]
    [ 0.98024684 -1.0699179  -1.5809239 ]
    [ 1.0337211 -1.4662405 -1.5892174]
    [ 1.1032897 -0.5735011 -1.633985 ]
    [ 1.1623651 -1.0194345 -1.6463794]
    [ 1.2158391 -1.4157572 -1.6546727]
    [ 0.98679876  0.03216835 -1.4674158 ]
    [ 1.009836    0.05331197 -1.5019253 ]
    [ 0.87333333  0.03849607 -1.481678  ]
    [ 0.9386055   0.09840297 -1.5794551 ]
2 Person(s) detected
First Person attributes:
 Confidence (64/100)
 Tracking ID: 0 tracking state: OK / IDLE
 3D position: [-0.09134180843830109,-0.7008827924728394,-1.1268619298934937]
 Velocity: [0.0068350560031831264,0.00014858592476230115,-0.058859314769506454]
 3D dimentions: [0.5081790089607239,1.540859341621399,0.508179247379303]
 2D mask available
 Keypoint 2D 
    [839.2086792  508.04571533]
    [882.64971924 671.71026611]
    [772.14971924 666.83642578]
    [784.83752441 873.39959717]
    [ 787.63421631 1074.41442871]
    [1004.75878906  677.09619141]
    [1042.96911621  906.53942871]
    [1073.70068359 1134.34020996]
    [ 833.01519775 1163.61352539]
    [ 854.97076416 1549.97302246]
    [ 872.26629639 1881.52233887]
    [1001.06616211 1207.47558594]
    [1020.32855225 1620.53686523]
    [1035.57751465 1974.09094238]
    [830.54644775 471.38882446]
    [867.08422852 476.98937988]
    [824.45477295 481.50823975]
    [926.35308838 497.86422729]

 Keypoint 3D 
    [-0.13588057  0.03635475 -1.0524141 ]
    [-0.09962136 -0.12660429 -1.1107287 ]
    [-0.22153598 -0.12776487 -1.1661634 ]
    [-0.2109728 -0.351139  -1.1822141]
    [-0.20793244 -0.56669354 -1.1819878 ]
    [ 0.02229326 -0.12544371 -1.0552942 ]
    [ 0.05912192 -0.34655708 -1.0595067 ]
    [ 0.08778778 -0.55995804 -1.0489556 ]
    [-0.16213576 -0.6743612  -1.203378  ]
    [-0.14151596 -1.1229362  -1.2326206 ]
    [-0.124466  -1.5219002 -1.2557971]
    [ 0.01991745 -0.67257446 -1.1205924 ]
    [ 0.04053725 -1.1211498  -1.149835  ]
    [ 0.0575872 -1.5201135 -1.1730115]
    [-0.14638165  0.07246786 -1.0686797 ]
    [-0.10836541  0.06547704 -1.0438229 ]
    [-0.16055617  0.06605466 -1.1266897 ]
    [-0.05284354  0.04624733 -1.0562621 ]
First Person attributes:
 Confidence (44/100)
 Tracking ID: 1 tracking state: OK / IDLE
 3D position: [0.8814996480941772,-0.6607167720794678,-1.5512326955795288]
 Velocity: [0.00032146048033609986,3.683605245896615e-05,0.02450462430715561]
 3D dimentions: [0.4972810745239258,1.4965945482254028,0.497281014919281]
 2D mask available
 Keypoint 2D 
    [1736.56518555  545.60784912]
    [1603.91711426  590.89831543]
    [1497.0291748   633.30084229]
    [1522.28039551  824.0291748 ]
    [1548.38000488 1006.9263916 ]
    [1701.92089844  552.02020264]
    [1724.3626709   727.23626709]
    [1748.00939941  895.14788818]
    [1636.7713623   984.52056885]
    [1678.07641602 1296.25061035]
    [1716.35229492 1572.1953125 ]
    [1732.82714844  931.10107422]
    [1771.93273926 1230.29125977]
    [1808.35949707 1495.11975098]
    [1718.71948242  521.71508789]
    [1719.08935547  506.62832642]
    [1624.1361084   516.09143066]
    [1630.92468262  475.82919312]

 Keypoint 3D 
    [ 1.0213588e+00  6.7988172e-04 -1.4904978e+00]
    [ 0.8723615  -0.06277139 -1.544365  ]
    [ 0.6912249  -0.11690103 -1.4774008 ]
    [ 0.7278623  -0.37405068 -1.4830687 ]
    [ 0.7642026 -0.6211979 -1.4854262]
    [ 1.0534981  -0.00864174 -1.6113293 ]
    [ 1.0901356  -0.26579142 -1.6169972 ]
    [ 1.126476   -0.51293856 -1.6193547 ]
    [ 0.924101   -0.61825275 -1.5539393 ]
    [ 0.987728  -1.0636505 -1.5624464]
    [ 1.0452524 -1.4594625 -1.5673219]
    [ 1.1052483  -0.56633013 -1.6209443 ]
    [ 1.1688757 -1.0117279 -1.6294513]
    [ 1.2264001 -1.40754   -1.6343268]
    [ 0.9811427   0.03246624 -1.4664679 ]
    [ 1.0044938   0.05376781 -1.5006168 ]
    [ 0.86485946  0.04039846 -1.4829139 ]
    [ 0.9310207   0.10075288 -1.5796695 ]
2 Person(s) detected
First Person attributes:
 Confidence (65/100)
 Tracking ID: 0 tracking state: OK / IDLE
 3D position: [-0.08726012706756592,-0.6882331967353821,-1.0878915786743164]
 Velocity: [0.008690807037055492,0.000331323390128091,0.047375161200761795]
 3D dimentions: [0.49946218729019165,1.513252854347229,0.4994620680809021]
 2D mask available
 Keypoint 2D 
    [837.36779785 519.77099609]
    [883.67529297 672.36871338]
    [761.63739014 667.15258789]
    [771.01074219 884.21258545]
    [ 772.09625244 1095.29736328]
    [1013.71685791  677.92694092]
    [1053.12890625  911.83129883]
    [1088.73059082 1142.19348145]
    [ 811.62469482 1177.7791748 ]
    [ 827.39886475 1572.96948242]
    [ 839.52642822 1910.24609375]
    [ 994.78875732 1209.38964844]
    [1005.99761963 1621.72888184]
    [1014.68731689 1972.98986816]
    [823.95117188 478.0463562 ]
    [867.85345459 487.33190918]
    [807.25646973 479.79299927]
    [927.79119873 505.52874756]

 Keypoint 3D 
    [-0.1293746   0.02364575 -0.9892243 ]
    [-0.09520587 -0.12290246 -1.072629  ]
    [-0.2207948  -0.12156602 -1.1066856 ]
    [-0.21492393 -0.345257   -1.125235  ]
    [-0.2139467 -0.5611532 -1.125926 ]
    [ 0.03038308 -0.12423892 -1.0385722 ]
    [ 0.06771261 -0.34563172 -1.0413879 ]
    [ 0.1005523  -0.55885816 -1.0331025 ]
    [-0.17957744 -0.6678213  -1.1649827 ]
    [-0.16752398 -1.116443   -1.1980482 ]
    [-0.15770222 -1.5154691  -1.2241597 ]
    [ 0.01343741 -0.6697233  -1.1126219 ]
    [ 0.02549089 -1.118345   -1.1456875 ]
    [ 0.03531264 -1.517371   -1.171799  ]
    [-0.14259386  0.06161084 -0.99744153]
    [-0.10117412  0.0523367  -0.9811507 ]
    [-0.16637878  0.06333114 -1.0522962 ]
    [-0.04902285  0.03705442 -1.0061387 ]
First Person attributes:
 Confidence (40/100)
 Tracking ID: 1 tracking state: OK / IDLE
 3D position: [0.887007474899292,-0.6660013794898987,-1.5609163045883179]
 Velocity: [-0.005046542268246412,-0.00013641078840009868,0.015130236744880676]
 3D dimentions: [0.5015344023704529,1.5095771551132202,0.5015344023704529]
 2D mask available
 Keypoint 2D 
    [1737.09985352  548.20794678]
    [1605.40686035  590.98144531]
    [1499.72595215  634.45568848]
    [1523.23449707  822.37536621]
    [1548.25622559 1001.19720459]
    [1702.21069336  551.15905762]
    [1722.10498047  724.1036377 ]
    [1744.02282715  888.61322021]
    [1631.38769531  980.50750732]
    [1667.85302734 1283.05578613]
    [1701.39782715 1546.84985352]
    [1726.02246094  926.75695801]
    [1759.75354004 1217.59460449]
    [1791.02966309 1471.31689453]
    [1720.17724609  524.31646729]
    [1720.42260742  509.04263306]
    [1626.13500977  517.05401611]
    [1632.57080078  476.34741211]

 Keypoint 3D 
    [ 1.021561   -0.00283564 -1.4897379 ]
    [ 0.8733762 -0.0628107 -1.5424697]
    [ 0.6936387  -0.11824454 -1.4748454 ]
    [ 0.7316296  -0.37309125 -1.4881197 ]
    [ 0.76976824 -0.61807764 -1.4965713 ]
    [ 1.0531138 -0.0073769 -1.6100941]
    [ 1.0911047  -0.26222357 -1.6233683 ]
    [ 1.1292434 -0.5072099 -1.63182  ]
    [ 0.9241338 -0.6176899 -1.5668671]
    [ 0.98948497 -1.0623916  -1.5885392 ]
    [ 1.0486143 -1.4576533 -1.605025 ]
    [ 1.1046233 -0.564738  -1.6348344]
    [ 1.1699747 -1.0094396 -1.6565065]
    [ 1.2291038 -1.4047015 -1.6729923]
    [ 0.98204404  0.02897357 -1.4649184 ]
    [ 1.0052794   0.05042824 -1.4990807 ]
    [ 0.8656319   0.03901656 -1.4796361 ]
    [ 0.9314656  0.0998048 -1.5764288]
2 Person(s) detected
First Person attributes:
 Confidence (64/100)
 Tracking ID: 0 tracking state: OK / IDLE
 3D position: [-0.09105180203914642,-0.7045025825500488,-1.1062777042388916]
 Velocity: [-0.0006719992961734533,3.282231409684755e-05,0.03996730223298073]
 3D dimentions: [0.5119760036468506,1.5496188402175903,0.5119760632514954]
 2D mask available
 Keypoint 2D 
    [841.54858398 511.39437866]
    [880.21002197 672.10540771]
    [760.55194092 666.55963135]
    [768.67663574 880.65423584]
    [ 768.97277832 1088.55529785]
    [1007.78277588  678.01806641]
    [1047.00683594  908.39904785]
    [1082.42919922 1134.8527832 ]
    [ 805.85021973 1174.31640625]
    [ 819.68109131 1566.7590332 ]
    [ 830.23828125 1901.82507324]
    [ 986.69042969 1206.74267578]
    [ 996.07635498 1616.51062012]
    [1003.25250244 1965.71813965]
    [829.55932617 472.07104492]
    [871.8182373  479.94067383]
    [813.27825928 478.50268555]
    [929.5647583  500.60427856]

 Keypoint 3D 
    [-0.12933505  0.03208705 -1.0184683 ]
    [-0.10014614 -0.1245959  -1.0896806 ]
    [-0.2254697  -0.12292483 -1.1245649 ]
    [-0.2206428  -0.34686682 -1.1425059 ]
    [-0.22053434 -0.562933   -1.1435356 ]
    [ 0.0251774  -0.12626697 -1.0547962 ]
    [ 0.06290011 -0.34776962 -1.0577562 ]
    [ 0.09621257 -0.5611218  -1.0502204 ]
    [-0.18735282 -0.67013514 -1.1754631 ]
    [-0.17736724 -1.1188508  -1.2079377 ]
    [-0.16933954 -1.517935   -1.2337679 ]
    [ 0.00530389 -0.6725656  -1.1218208 ]
    [ 0.01528946 -1.1212811  -1.1542953 ]
    [ 0.02331718 -1.5203654  -1.1801256 ]
    [-0.14201026  0.06920924 -1.0300292 ]
    [-0.10079257  0.06081778 -1.0127896 ]
    [-0.16559246  0.06655876 -1.0848185 ]
    [-0.04880904  0.04278292 -1.0359728 ]
First Person attributes:
 Confidence (42/100)
 Tracking ID: 1 tracking state: OK / IDLE
 3D position: [0.8908662796020508,-0.6700761914253235,-1.5690479278564453]
 Velocity: [-0.006477184593677521,-0.00018723079119808972,0.009711911901831627]
 3D dimentions: [0.5047297477722168,1.519010066986084,0.5047297477722168]
 2D mask available
 Keypoint 2D 
    [1733.34118652  563.4385376 ]
    [1604.05773926  590.98980713]
    [1492.57946777  633.89447021]
    [1515.91186523  816.78729248]
    [1540.89672852  990.83325195]
    [1707.875       551.03344727]
    [1727.68811035  722.21380615]
    [1749.82312012  884.98876953]
    [1628.93408203  975.81341553]
    [1665.58679199 1274.14807129]
    [1699.0916748  1533.83496094]
    [1730.80358887  925.14025879]
    [1764.79162598 1214.17407227]
    [1796.12109375 1465.87963867]
    [1716.00610352  543.61004639]
    [1726.94458008  522.3729248 ]
    [1618.76940918  528.04003906]
    [1652.09460449  471.18164062]

 Keypoint 3D 
    [ 1.0176699  -0.02345411 -1.4914826 ]
    [ 0.8783881  -0.06331983 -1.5546833 ]
    [ 0.6954464  -0.11944668 -1.499365  ]
    [ 0.73425937 -0.37188506 -1.5139316 ]
    [ 0.7731198 -0.6146124 -1.5228616]
    [ 1.0613296  -0.00719298 -1.6100018 ]
    [ 1.100143   -0.25963134 -1.6245686 ]
    [ 1.1390033 -0.5023587 -1.6334984]
    [ 0.9307289 -0.6177076 -1.5840292]
    [ 0.997955  -1.0620412 -1.6074448]
    [ 1.0585626 -1.4570124 -1.6254591]
    [ 1.1151352 -0.5640685 -1.6398611]
    [ 1.1823611 -1.0084021 -1.6632767]
    [ 1.2429689 -1.4033731 -1.6812909]
    [ 0.97534823  0.00332022 -1.4631923 ]
    [ 1.0041159  0.0319737 -1.4842455]
    [ 0.86448574  0.02451264 -1.4947555 ]
    [ 0.9459942   0.10569754 -1.5544062 ]
2 Person(s) detected
First Person attributes:
 Confidence (64/100)
 Tracking ID: 0 tracking state: OK / IDLE
 3D position: [-0.09283249080181122,-0.7049219608306885,-1.1239794492721558]
 Velocity: [-0.003827364882454276,-0.00015864908345974982,-0.032920531928539276]
 3D dimentions: [0.5127570629119873,1.5509711503982544,0.5127571821212769]
 2D mask available
 Keypoint 2D 
    [842.8480835  509.24655151]
    [880.70397949 670.77539062]
    [767.15966797 664.73199463]
    [776.48651123 874.41113281]
    [ 777.2744751  1077.82714844]
    [1003.80249023  677.32727051]
    [1041.77502441  906.0645752 ]
    [1073.82788086 1132.41052246]
    [ 815.77825928 1163.56445312]
    [ 831.69177246 1549.83837891]
    [ 843.89849854 1880.20129395]
    [ 989.09655762 1202.74365234]
    [1001.22381592 1610.7175293 ]
    [1010.53594971 1958.84680176]
    [832.43029785 471.23468018]
    [872.20227051 478.51605225]
    [819.89733887 478.99346924]
    [929.8505249  499.66610718]

 Keypoint 3D 
    [-0.13100275  0.03483506 -1.0412707 ]
    [-0.10121895 -0.12521201 -1.106752  ]
    [-0.22395255 -0.12395231 -1.151436  ]
    [-0.21745904 -0.34826317 -1.168919  ]
    [-0.21686812 -0.5646861  -1.1702412 ]
    [ 0.02151462 -0.1264717  -1.0620682 ]
    [ 0.0583705  -0.34846908 -1.0667576 ]
    [ 0.08860879 -0.56256557 -1.0573084 ]
    [-0.18011507 -0.6711597  -1.1977601 ]
    [-0.16711916 -1.1198573  -1.2294058 ]
    [-0.15664393 -1.5189267  -1.2545848 ]
    [ 0.00780537 -0.6729692  -1.1293302 ]
    [ 0.0208013 -1.121667  -1.1609758]
    [ 0.03127651 -1.5207363  -1.1861548 ]
    [-0.14265676  0.07166394 -1.0546485 ]
    [-0.10260001  0.06346347 -1.0345739 ]
    [-0.16287048  0.06765167 -1.1106939 ]
    [-0.04937636  0.04441698 -1.0538156 ]
First Person attributes:
 Confidence (44/100)
 Tracking ID: 1 tracking state: OK / IDLE
 3D position: [0.8898328542709351,-0.6691054105758667,-1.5683857202529907]
 Velocity: [-0.0042711584828794,-0.0001295125111937523,0.0021016509272158146]
 3D dimentions: [0.5043347477912903,1.5176911354064941,0.5043346881866455]
 2D mask available
 Keypoint 2D 
    [1733.12915039  565.27142334]
    [1604.09741211  590.980896  ]
    [1491.39941406  633.60205078]
    [1515.36437988  815.87182617]
    [1541.00134277  989.42504883]
    [1709.37268066  551.16699219]
    [1729.8425293   722.26831055]
    [1752.68920898  885.04266357]
    [1628.55322266  975.42889404]
    [1666.10571289 1273.48571777]
    [1700.45959473 1533.08996582]
    [1731.91101074  925.48822021]
    [1766.81335449 1214.64746094]
    [1799.01391602 1466.60241699]
    [1715.23583984  546.10351562]
    [1728.42333984  524.19342041]
    [1617.60852051  528.71148682]
    [1656.55041504  469.96368408]

 Keypoint 3D 
    [ 1.0153812  -0.02588402 -1.4885483 ]
    [ 0.87908304 -0.0633533  -1.5558141 ]
    [ 0.6954457  -0.11932413 -1.5028335 ]
    [ 0.7350957  -0.37142998 -1.5172102 ]
    [ 0.7747436 -0.613838  -1.5257746]
    [ 1.0627204  -0.00738247 -1.6087949 ]
    [ 1.1023704  -0.25948834 -1.6231716 ]
    [ 1.1420184 -0.5018964 -1.6317359]
    [ 0.93104726 -0.6177293  -1.5855038 ]
    [ 0.99948037 -1.0618912  -1.6086816 ]
    [ 1.0611618 -1.4567116 -1.6263499]
    [ 1.116201  -0.564292  -1.6390064]
    [ 1.1846342 -1.0084538 -1.6621841]
    [ 1.2463155 -1.4032743 -1.6798525]
    [ 9.7223115e-01  9.1997272e-06 -1.4600472e+00]
    [ 1.0019665   0.02940003 -1.4781361 ]
    [ 0.8633498   0.02361379 -1.4955157 ]
    [ 0.9476     0.1068878 -1.5467674]
2 Person(s) detected
First Person attributes:
 Confidence (64/100)
 Tracking ID: 0 tracking state: OK / IDLE
 3D position: [-0.09132633358240128,-0.6876144409179688,-1.0932124853134155]
 Velocity: [-0.002865736372768879,-8.752076973905787e-05,0.0017513061175122857]
 3D dimentions: [0.500370442867279,1.5124436616897583,0.5003703236579895]
 2D mask available
 Keypoint 2D 
    [839.31390381 521.02166748]
    [880.86248779 671.99737549]
    [762.90588379 666.42047119]
    [773.47094727 881.04150391]
    [ 775.16815186 1089.37280273]
    [1008.09124756  678.01263428]
    [1047.60632324  916.51281738]
    [1086.14208984 1150.37365723]
    [ 816.77166748 1171.4510498 ]
    [ 834.42785645 1562.06835938]
    [ 848.02459717 1895.23754883]
    [ 995.19073486 1208.01306152]
    [1008.58306885 1618.88647461]
    [1018.95007324 1968.54309082]
    [826.01837158 478.87219238]
    [869.94519043 489.05194092]
    [808.56933594 479.00244141]
    [929.0869751  507.11401367]

 Keypoint 3D 
    [-0.12824926  0.02263272 -0.99404365]
    [-0.09860004 -0.12336202 -1.0798151 ]
    [-0.22229081 -0.12235545 -1.12065   ]
    [-0.21510643 -0.34635794 -1.1395105 ]
    [-0.21365874 -0.56260633 -1.1411523 ]
    [ 0.02509073 -0.12436859 -1.0389802 ]
    [ 0.06178068 -0.3460635  -1.0295103 ]
    [ 0.09686278 -0.55923796 -1.0198096 ]
    [-0.1760351  -0.66834146 -1.1776885 ]
    [-0.16165628 -1.1168506  -1.2113452 ]
    [-0.14994209 -1.515787   -1.2380377 ]
    [ 0.01387255 -0.6697463  -1.1149741 ]
    [ 0.02825138 -1.1182554  -1.1486309 ]
    [ 0.03996556 -1.5171919  -1.1753234 ]
    [-0.14121993  0.06107836 -1.000966  ]
    [-0.09973821  0.05102339 -0.9853653 ]
    [-0.16561165  0.06427497 -1.0553972 ]
    [-0.0480801   0.03578589 -1.0111954 ]
First Person attributes:
 Confidence (44/100)
 Tracking ID: 1 tracking state: OK / IDLE
 3D position: [0.8867669105529785,-0.6670875549316406,-1.5640957355499268]
 Velocity: [-0.004270968958735466,-0.00013104660320095718,0.00210141995921731]
 3D dimentions: [0.5031130313873291,1.5141215324401855,0.5031130313873291]
 2D mask available
 Keypoint 2D 
    [1735.30810547  560.95098877]
    [1603.49072266  591.09802246]
    [1489.54748535  633.6963501 ]
    [1511.15026855  814.36859131]
    [1533.8104248   986.16925049]
    [1710.39282227  551.13208008]
    [1728.7635498   721.44934082]
    [1748.78820801  883.3215332 ]
    [1629.66833496  976.60253906]
    [1664.11206055 1276.27478027]
    [1695.33276367 1537.02038574]
    [1735.36181641  927.00299072]
    [1767.31201172 1218.25866699]
    [1796.49084473 1471.79455566]
    [1717.32507324  541.07641602]
    [1729.25646973  519.7177124 ]
    [1619.31005859  525.4208374 ]
    [1655.04541016  468.22238159]

 Keypoint 3D 
    [ 1.0158819  -0.01999947 -1.4849772 ]
    [ 0.87612593 -0.06336668 -1.5520924 ]
    [ 0.69281495 -0.11943465 -1.5026054 ]
    [ 0.7289843 -0.3692037 -1.5165672]
    [ 0.7648691 -0.6093957 -1.5259392]
    [ 1.059437  -0.0072987 -1.6015794]
    [ 1.0956062  -0.25706774 -1.6155412 ]
    [ 1.131491   -0.49725986 -1.6249132 ]
    [ 0.92989653 -0.61758816 -1.5808201 ]
    [ 0.9933471 -1.0625156 -1.603479 ]
    [ 1.0503638 -1.4580271 -1.6213621]
    [ 1.1158677  -0.56378335 -1.6310166 ]
    [ 1.1793184 -1.0087111 -1.6536757]
    [ 1.2363349 -1.4042222 -1.6715587]
    [ 0.9729611   0.00665618 -1.4569949 ]
    [ 1.0018673   0.03536094 -1.4763432 ]
    [ 0.8637152   0.02801678 -1.492157  ]
    [ 0.94561565  0.1093469  -1.5469772 ]
2 Person(s) detected
First Person attributes:
 Confidence (65/100)
 Tracking ID: 0 tracking state: OK / IDLE
 3D position: [-0.08779445290565491,-0.6721788048744202,-1.0435917377471924]
 Velocity: [0.001269458793103695,0.00015147976228035986,0.08022506535053253]
 3D dimentions: [0.4892219305038452,1.4792630672454834,0.48922187089920044]
 2D mask available
 Keypoint 2D 
    [837.02124023 506.44961548]
    [879.3916626  671.50469971]
    [758.24572754 667.57897949]
    [768.37371826 855.28875732]
    [ 770.85803223 1037.78503418]
    [1010.21276855  675.74383545]
    [1029.85754395  885.01806641]
    [1049.45800781 1088.08911133]
    [ 814.9375     1201.50585938]
    [ 835.5802002  1613.66662598]
    [ 851.75878906 1965.16027832]
    [1003.74584961 1238.82788086]
    [1020.04785156 1673.42333984]
    [1032.93847656 2043.16662598]
    [823.87902832 465.65737915]
    [868.32147217 473.35656738]
    [805.52557373 472.37042236]
    [927.33343506 493.8963623 ]

 Keypoint 3D 
    [-0.12556194  0.0344726  -0.95776856]
    [-0.09535751 -0.11712606 -1.0292591 ]
    [-0.21652217 -0.11781589 -1.0687811 ]
    [-0.20951055 -0.3039606  -1.0833203 ]
    [-0.20716435 -0.4836015  -1.0838233 ]
    [ 0.02580713 -0.11643623 -0.9897373 ]
    [ 0.04315882 -0.30235216 -0.9830608 ]
    [ 0.06034403 -0.4811187  -0.9781798 ]
    [-0.16881861 -0.6643499  -1.1169714 ]
    [-0.15209971 -1.1129161  -1.148736  ]
    [-0.13820745 -1.5118756  -1.173997  ]
    [ 0.02131605 -0.6631881  -1.0549433 ]
    [ 0.03803496 -1.1117542  -1.0867081 ]
    [ 0.05192723 -1.5107139  -1.1119691 ]
    [-0.13850345  0.07070379 -0.96838605]
    [-0.09792513  0.0629594  -0.95357054]
    [-0.16310066  0.06835298 -1.0214155 ]
    [-0.04812878  0.0464105  -0.9794381 ]
First Person attributes:
 Confidence (40/100)
 Tracking ID: 1 tracking state: OK / IDLE
 3D position: [0.8891989588737488,-0.6651009917259216,-1.5686837434768677]
 Velocity: [0.004789772909134626,0.00012810267799068242,-0.015041403472423553]
 3D dimentions: [0.5022467970848083,1.5113677978515625,0.5022464990615845]
 2D mask available
 Keypoint 2D 
    [1740.26281738  549.41833496]
    [1603.55371094  594.12701416]
    [1495.13293457  635.59155273]
    [1513.5625      819.96844482]
    [1534.68945312  995.17114258]
    [1703.49133301  555.90698242]
    [1718.29589844  726.84997559]
    [1736.50097656  889.16387939]
    [1620.26428223  980.54931641]
    [1649.14416504 1278.46142578]
    [1675.80688477 1536.50366211]
    [1718.14672852  929.70483398]
    [1744.31481934 1217.14013672]
    [1768.75341797 1466.29614258]
    [1722.65319824  525.02624512]
    [1723.83996582  510.09066772]
    [1627.52148438  518.0369873 ]
    [1636.19567871  478.22427368]

 Keypoint 3D 
    [ 1.0227438  -0.00445857 -1.4852458 ]
    [ 0.8740185  -0.06746371 -1.5482025 ]
    [ 0.6923019  -0.12060281 -1.4851658 ]
    [ 0.7254369  -0.37337613 -1.5023453 ]
    [ 0.759451  -0.6164753 -1.5127223]
    [ 1.0557352 -0.0143246 -1.6112392]
    [ 1.0888702 -0.2670979 -1.6284187]
    [ 1.1228842 -0.5101971 -1.6387957]
    [ 0.9157078 -0.6227759 -1.5796168]
    [ 0.97380865 -1.0681573  -1.6071802 ]
    [ 1.0264133 -1.4640853 -1.6289482]
    [ 1.0984459  -0.57197917 -1.6430719 ]
    [ 1.1565467 -1.0173604 -1.6706353]
    [ 1.2091511 -1.4132885 -1.6924033]
    [ 0.9831068   0.02796656 -1.4616048 ]
    [ 1.006202    0.04882167 -1.4935495 ]
    [ 0.8683619   0.03773438 -1.4811167 ]
    [ 0.93379825  0.09682386 -1.5716264 ]
2 Person(s) detected
First Person attributes:
 Confidence (63/100)
 Tracking ID: 0 tracking state: OK / IDLE
 3D position: [-0.09184393286705017,-0.6756172180175781,-1.0549590587615967]
 Velocity: [-0.007741473149508238,-0.00023123811115510762,0.011637973599135876]
 3D dimentions: [0.49170982837677,1.4868154525756836,0.49170982837677]
 2D mask available
 Keypoint 2D 
    [838.20141602 510.25418091]
    [875.93347168 672.11218262]
    [756.79840088 667.61816406]
    [767.22528076 863.81231689]
    [ 769.65759277 1054.40100098]
    [1004.61572266  676.96624756]
    [1040.09020996  899.06585693]
    [1076.6072998  1122.52099609]
    [ 811.98535156 1193.19848633]
    [ 832.03991699 1599.36547852]
    [ 847.68347168 1945.95776367]
    [ 997.2880249  1230.91931152]
    [1013.11694336 1659.21569824]
    [1025.56469727 2023.83410645]
    [825.2244873  469.71063232]
    [869.37097168 477.78015137]
    [805.66223145 475.67932129]
    [926.53106689 498.1427002 ]

 Keypoint 3D 
    [-0.12594351  0.03151794 -0.9685922 ]
    [-0.0999477 -0.119317  -1.0434572]
    [-0.22095916 -0.11949421 -1.0836569 ]
    [-0.21374357 -0.31694293 -1.099284  ]
    [-0.21149452 -0.50750196 -1.1002067 ]
    [ 0.02106375 -0.11913979 -1.0032574 ]
    [ 0.05202001 -0.31327218 -0.9780264 ]
    [ 0.08253251 -0.50009775 -0.95603013]
    [-0.17443424 -0.6659436  -1.1340251 ]
    [-0.15813191 -1.11451    -1.1660012 ]
    [-0.14465797 -1.5134776  -1.1913624 ]
    [ 0.01536333 -0.6655727  -1.0709636 ]
    [ 0.03166566 -1.1141391  -1.1029397 ]
    [ 0.0451396 -1.5131068 -1.1283009]
    [-0.13877283  0.06785158 -0.9786241 ]
    [-0.09818536  0.05984351 -0.96505505]
    [-0.16448964  0.06589294 -1.0309145 ]
    [-0.04949178  0.04320339 -0.9924689 ]
First Person attributes:
 Confidence (42/100)
 Tracking ID: 1 tracking state: OK / IDLE
 3D position: [0.8912414312362671,-0.6655691266059875,-1.571902871131897]
 Velocity: [0.005205298308283091,0.0001530614827061072,-0.010205083526670933]
 3D dimentions: [0.5028035044670105,1.5130903720855713,0.5028035640716553]
 2D mask available
 Keypoint 2D 
    [1735.7064209   551.52331543]
    [1604.53442383  594.24554443]
    [1497.47143555  635.29858398]
    [1514.80126953  823.45166016]
    [1536.05407715 1002.93811035]
    [1702.62109375  556.63446045]
    [1716.49853516  729.93927002]
    [1735.0501709   895.03265381]
    [1618.55981445  980.56677246]
    [1645.88818359 1279.90393066]
    [1671.31713867 1540.04003906]
    [1713.73620605  929.50244141]
    [1738.56030273 1217.50317383]
    [1761.92346191 1467.96057129]
    [1718.63793945  527.80731201]
    [1720.06103516  512.39782715]
    [1624.50390625  519.63470459]
    [1633.74206543  478.56488037]

 Keypoint 3D 
    [ 1.0226719  -0.00733933 -1.4941132 ]
    [ 0.87700063 -0.06775411 -1.5510396 ]
    [ 0.6945206  -0.12004668 -1.4831727 ]
    [ 0.7256142  -0.37733904 -1.4992222 ]
    [ 0.75840247 -0.624731   -1.5069168 ]
    [ 1.0594807  -0.01546153 -1.6189063 ]
    [ 1.0905744  -0.27275386 -1.6349556 ]
    [ 1.1233627  -0.52014583 -1.6426504 ]
    [ 0.91443765 -0.62360096 -1.5816457 ]
    [ 0.96851534 -1.0696601  -1.6062772 ]
    [ 1.0175971 -1.4661735 -1.6254675]
    [ 1.0959679 -0.5738234 -1.6492398]
    [ 1.1500456 -1.0198824 -1.6738713]
    [ 1.1991273 -1.4163957 -1.6930617]
    [ 0.9832348   0.02441313 -1.4697574 ]
    [ 1.006561    0.04594465 -1.5017267 ]
    [ 0.8682276  0.0357483 -1.4878373]
    [ 0.93431854  0.09675431 -1.5784173 ]
2 Person(s) detected
First Person attributes:
 Confidence (64/100)
 Tracking ID: 0 tracking state: OK / IDLE
 3D position: [-0.09615679830312729,-0.700210690498352,-1.111799716949463]
 Velocity: [-0.0055899894796311855,-0.00023208986385725439,-0.049138184636831284]
 3D dimentions: [0.5100797414779663,1.5413275957107544,0.5100798606872559]
 2D mask available
 Keypoint 2D 
    [839.28833008 513.59875488]
    [877.39880371 671.32733154]
    [764.22857666 665.73388672]
    [773.86584473 865.12866211]
    [ 775.22436523 1058.72802734]
    [1000.09014893  677.39135742]
    [1037.84155273  897.81414795]
    [1072.40820312 1115.80029297]
    [ 814.3001709  1168.55249023]
    [ 831.82250977 1558.17199707]
    [ 845.37786865 1891.4708252 ]
    [ 989.06848145 1207.73535156]
    [1002.87731934 1619.50512695]
    [1013.60333252 1970.94641113]
    [829.49212646 475.72528076]
    [868.10656738 483.222229  ]
    [817.88555908 482.41113281]
    [924.53881836 503.57089233]

 Keypoint 3D 
    [-0.13287123  0.03038052 -1.0296824 ]
    [-0.10356182 -0.1245912  -1.0964104 ]
    [-0.22489266 -0.12383048 -1.1406696 ]
    [-0.21799202 -0.33496362 -1.156993  ]
    [-0.21674435 -0.5386841  -1.1579485 ]
    [ 0.01776902 -0.1253519  -1.0521512 ]
    [ 0.05354264 -0.33411744 -1.0468172 ]
    [ 0.08538744 -0.53497934 -1.0347779 ]
    [-0.1801772 -0.6708309 -1.1875794]
    [-0.16554585 -1.1195016  -1.2188952 ]
    [-0.15362337 -1.5185496  -1.2437667 ]
    [ 0.0077057 -0.6719012 -1.1190312]
    [ 0.02233704 -1.1205719  -1.150347  ]
    [ 0.03425954 -1.5196196  -1.1752185 ]
    [-0.14374816  0.06656914 -1.0421737 ]
    [-0.10530547  0.0584126  -1.0234946 ]
    [-0.16287844  0.0634203  -1.0970889 ]
    [-0.05395755  0.04031007 -1.0441645 ]
First Person attributes:
 Confidence (42/100)
 Tracking ID: 1 tracking state: OK / IDLE
 3D position: [0.8880855441093445,-0.6628764867782593,-1.5657588243484497]
 Velocity: [0.003715294413268566,0.00011205268674530089,-0.0034462546464055777]
 3D dimentions: [0.500786542892456,1.5072977542877197,0.5007864236831665]
 2D mask available
 Keypoint 2D 
    [1737.15454102  551.31109619]
    [1604.59082031  593.27307129]
    [1497.27099609  635.76177979]
    [1515.35681152  827.09753418]
    [1535.72851562 1009.06011963]
    [1702.67504883  554.4407959 ]
    [1717.33032227  730.20977783]
    [1734.83215332  897.29290771]
    [1621.20178223  980.53234863]
    [1648.84338379 1281.29284668]
    [1674.50976562 1542.89538574]
    [1715.53540039  928.27124023]
    [1740.70947266 1217.3894043 ]
    [1764.33215332 1469.03601074]
    [1717.94506836  529.07336426]
    [1721.5357666   511.80981445]
    [1621.25793457  522.24255371]
    [1636.20275879  476.16134644]

 Keypoint 3D 
    [ 1.0173571  -0.00700155 -1.4835    ]
    [ 0.8744453  -0.06618586 -1.5463805 ]
    [ 0.6912912  -0.12015568 -1.4768499 ]
    [ 0.72279483 -0.3804179  -1.4918431 ]
    [ 0.7550431  -0.63066894 -1.5011228 ]
    [ 1.0575995  -0.01221603 -1.6159111 ]
    [ 1.0891031  -0.27247834 -1.6309042 ]
    [ 1.1213514 -0.5227293 -1.640184 ]
    [ 0.91556436 -0.6217416  -1.5770549 ]
    [ 0.9693799 -1.0678916 -1.6005919]
    [ 1.018199  -1.4644773 -1.6189363]
    [ 1.096345   -0.57077485 -1.6457628 ]
    [ 1.1501606 -1.0169249 -1.6693   ]
    [ 1.1989796 -1.4135104 -1.6876442]
    [ 0.975697    0.02257141 -1.4598618 ]
    [ 1.0007726   0.04638462 -1.4901153 ]
    [ 0.8611969   0.03212832 -1.4832768 ]
    [ 0.9322446   0.09959909 -1.5689949 ]
2 Person(s) detected
First Person attributes:
 Confidence (64/100)
 Tracking ID: 0 tracking state: OK / IDLE
 3D position: [-0.09591951966285706,-0.7105821371078491,-1.1048439741134644]
 Velocity: [0.00046933224075473845,7.890996494097635e-05,0.05572235956788063]
 3D dimentions: [0.5183455348014832,1.5646846294403076,0.5183455944061279]
 2D mask available
 Keypoint 2D 
    [837.74243164 510.79345703]
    [877.2857666  673.01135254]
    [759.10040283 667.72790527]
    [767.0513916  874.75396729]
    [ 767.51922607 1075.84265137]
    [1003.64001465  678.65997314]
    [1041.33349609  900.64453125]
    [1074.63623047 1118.74743652]
    [ 803.97680664 1179.07128906]
    [ 818.18017578 1575.40197754]
    [ 829.07073975 1914.72546387]
    [ 985.02056885 1212.79748535]
    [ 995.12182617 1627.73425293]
    [1002.89923096 1982.33361816]
    [827.59460449 473.76867676]
    [866.35571289 479.81036377]
    [815.9855957  483.06307983]
    [923.10797119 500.33230591]

 Keypoint 3D 
    [-0.13397688  0.03291865 -1.0270846 ]
    [-0.10281581 -0.12522122 -1.0873313 ]
    [-0.22676718 -0.1240166  -1.1236539 ]
    [-0.22179149 -0.33992717 -1.1397494 ]
    [-0.22140594 -0.54816353 -1.1402559 ]
    [ 0.02113558 -0.12642583 -1.0510087 ]
    [ 0.05737758 -0.3398719  -1.0563452 ]
    [ 0.0887623 -0.5456313 -1.0499496]
    [-0.18834326 -0.67161286 -1.1692054 ]
    [-0.17776555 -1.1204656  -1.1995233 ]
    [-0.16922975 -1.5196538  -1.2235225 ]
    [ 0.00357537 -0.67336565 -1.1129546 ]
    [ 0.01415308 -1.1222186  -1.1432725 ]
    [ 0.02268889 -1.5214067  -1.1672717 ]
    [-0.14538774  0.06834675 -1.0410631 ]
    [-0.10678766  0.06149869 -1.0221161 ]
    [-0.16456912  0.06269465 -1.0957508 ]
    [-0.05520226  0.0432918  -1.0420676 ]
First Person attributes:
 Confidence (43/100)
 Tracking ID: 1 tracking state: OK / IDLE
 3D position: [0.8894748091697693,-0.6642699241638184,-1.567753553390503]
 Velocity: [0.0009134643478319049,3.1743566069053486e-05,0.002888816175982356]
 3D dimentions: [0.5018672347068787,1.5106960535049438,0.5018672943115234]
 2D mask available
 Keypoint 2D 
    [1733.77453613  554.71716309]
    [1604.50964355  593.10791016]
    [1496.82299805  636.13330078]
    [1515.52893066  828.34783936]
    [1536.37597656 1011.09765625]
    [1702.91467285  553.7911377 ]
    [1718.13256836  730.34539795]
    [1736.04614258  898.14019775]
    [1622.23754883  980.10748291]
    [1650.47961426 1280.64916992]
    [1676.6763916 1542.0559082]
    [1716.49133301  927.60638428]
    [1742.24182129 1216.54589844]
    [1766.37548828 1468.03076172]
    [1716.62695312  532.10906982]
    [1719.68518066  514.8994751 ]
    [1621.61877441  522.89031982]
    [1635.22375488  477.01885986]

 Keypoint 3D 
    [ 1.0182161  -0.01164899 -1.4914236 ]
    [ 0.87469506 -0.0659816  -1.5470234 ]
    [ 0.6909239  -0.12069435 -1.4773486 ]
    [ 0.7232576 -0.382232  -1.4923168]
    [ 0.7562362 -0.6337053 -1.5017407]
    [ 1.0584662  -0.01126886 -1.6166981 ]
    [ 1.0908     -0.27280653 -1.6316663 ]
    [ 1.1237787  -0.52427983 -1.64109   ]
    [ 0.9174176  -0.62138456 -1.5776923 ]
    [ 0.972176  -1.0674171 -1.601283 ]
    [ 1.0218378 -1.4638966 -1.6196585]
    [ 1.0981152 -0.5699597 -1.6462766]
    [ 1.1528738 -1.0159923 -1.6698675]
    [ 1.2025354 -1.4124718 -1.6882429]
    [ 0.9779847   0.01862643 -1.4659084 ]
    [ 1.0030488   0.04240851 -1.4972485 ]
    [ 0.86262965  0.03129078 -1.4849069 ]
    [ 0.9336447   0.09867336 -1.5737041 ]
2 Person(s) detected
First Person attributes:
 Confidence (64/100)
 Tracking ID: 0 tracking state: OK / IDLE
 3D position: [-0.0979493111371994,-0.711406946182251,-1.1147642135620117]
 Velocity: [-0.0035735557321459055,-0.00011469691526144743,-0.0023922668769955635]
 3D dimentions: [0.5193423628807068,1.5662031173706055,0.5193422436714172]
 2D mask available
 Keypoint 2D 
    [838.02166748 512.75817871]
    [875.46844482 672.32208252]
    [760.49639893 668.06982422]
    [771.28649902 875.69812012]
    [ 773.74121094 1077.40063477]
    [999.94140625 676.92584229]
    [1035.7520752   902.75860596]
    [1065.97009277 1125.5213623 ]
    [ 815.49804688 1172.14611816]
    [ 834.31628418 1563.76989746]
    [ 849.04632568 1899.49389648]
    [ 991.39471436 1208.49389648]
    [1006.73675537 1621.90087891]
    [1018.83770752 1975.54772949]
    [827.84332275 475.61422729]
    [866.79138184 482.35827637]
    [815.72088623 483.63140869]
    [923.33770752 502.78292847]

 Keypoint 3D 
    [-0.13487794  0.03135731 -1.0360047 ]
    [-0.1056721 -0.1258067 -1.0983809]
    [-0.22901554 -0.12639168 -1.1419632 ]
    [-0.22091672 -0.3464008  -1.1581279 ]
    [-0.21843584 -0.558646   -1.1586534 ]
    [ 0.01767137 -0.12522176 -1.0547988 ]
    [ 0.05222237 -0.34318218 -1.0603112 ]
    [ 0.08069298 -0.5533758  -1.0524029 ]
    [-0.17850725 -0.67327446 -1.1850636 ]
    [-0.16225185 -1.121991   -1.2148858 ]
    [-0.1488433 -1.5210711 -1.2384464]
    [ 0.01006259 -0.6723082  -1.1184266 ]
    [ 0.02631802 -1.1210245  -1.1482488 ]
    [ 0.03972654 -1.5201048  -1.1718093 ]
    [-0.14632206  0.06713966 -1.0494497 ]
    [-0.10725579  0.05962013 -1.0304961 ]
    [-0.16612534  0.06261688 -1.1043466 ]
    [-0.05543762  0.04131154 -1.050645  ]
First Person attributes:
 Confidence (43/100)
 Tracking ID: 1 tracking state: OK / IDLE
 3D position: [0.8902336955070496,-0.6646422147750854,-1.5681231021881104]
 Velocity: [0.0009135255822911859,3.291189204901457e-05,0.0028886760119348764]
 3D dimentions: [0.5022014379501343,1.5118272304534912,0.5022013783454895]
 2D mask available
 Keypoint 2D 
    [1732.92871094  555.42089844]
    [1604.86254883  593.17889404]
    [1496.84313965  636.3092041 ]
    [1515.69238281  828.91229248]
    [1536.96838379 1012.14434814]
    [1703.58886719  553.75897217]
    [1718.91943359  730.70904541]
    [1737.26831055  898.95288086]
    [1622.71728516  980.1786499 ]
    [1651.11096191 1280.68432617]
    [1677.44128418 1542.04858398]
    [1717.12768555  927.71289062]
    [1743.02233887 1216.66308594]
    [1767.28393555 1468.14550781]
    [1716.52661133  532.68615723]
    [1719.18615723  515.47930908]
    [1622.1517334   522.91644287]
    [1634.7746582   477.07299805]

 Keypoint 3D 
    [ 1.0189891 -0.0126252 -1.4942356]
    [ 0.8751558  -0.06607851 -1.5469625 ]
    [ 0.6909887  -0.12093681 -1.4774292 ]
    [ 0.7235764  -0.38304797 -1.492518  ]
    [ 0.7569678 -0.6350682 -1.5015903]
    [ 1.059323   -0.01122021 -1.6164961 ]
    [ 1.0919107  -0.27333137 -1.631585  ]
    [ 1.125302  -0.5253515 -1.6406571]
    [ 0.9180592  -0.62145585 -1.5776145 ]
    [ 0.97307974 -1.067453   -1.60126   ]
    [ 1.0229734 -1.4639019 -1.6196762]
    [ 1.0988452 -0.5700043 -1.6459459]
    [ 1.1538658 -1.0160017 -1.6695912]
    [ 1.2037593 -1.4124503 -1.6880075]
    [ 0.9792246   0.01788381 -1.4679675 ]
    [ 1.0042703   0.04169957 -1.5000862 ]
    [ 0.8633368   0.03125509 -1.484888  ]
    [ 0.9343      0.09873306 -1.5758913 ]
2 Person(s) detected
First Person attributes:
 Confidence (65/100)
 Tracking ID: 0 tracking state: OK / IDLE
 3D position: [-0.09823187440633774,-0.7048246264457703,-1.110869288444519]
 Velocity: [-0.0041207545436918736,-0.00015133325359784067,-0.01762014999985695]
 3D dimentions: [0.5149030685424805,1.5515720844268799,0.5149030685424805]
 2D mask available
 Keypoint 2D 
    [838.50860596 513.82318115]
    [875.42596436 672.75354004]
    [758.96862793 668.29443359]
    [769.47564697 876.87304688]
    [ 771.82391357 1079.41125488]
    [1001.08587646  677.56494141]
    [1040.32922363  904.76599121]
    [1075.13171387 1128.92236328]
    [ 812.79449463 1173.58532715]
    [ 831.15985107 1565.70458984]
    [ 845.51049805 1901.52990723]
    [ 990.07806396 1208.91113281]
    [1004.75750732 1621.80163574]
    [1016.31854248 1974.68408203]
    [827.88208008 476.07666016]
    [867.98388672 483.59698486]
    [813.4196167  483.11257935]
    [923.93603516 504.29519653]

 Keypoint 3D 
    [-0.13360928  0.0301729  -1.0297551 ]
    [-0.10536996 -0.12582536 -1.0948017 ]
    [-0.22947818 -0.12600918 -1.1364138 ]
    [-0.22182494 -0.34608328 -1.1529561 ]
    [-0.21952538 -0.5584035  -1.1537838 ]
    [ 0.01873828 -0.12564154 -1.0531895 ]
    [ 0.0563198 -0.3432434 -1.0545647]
    [ 0.08883943 -0.5528681  -1.0453018 ]
    [-0.18089831 -0.6729013  -1.1816901 ]
    [-0.16535963 -1.1215996  -1.2121576 ]
    [-0.15254718 -1.5206673  -1.2362579 ]
    [ 0.00872373 -0.67253673 -1.1181027 ]
    [ 0.02426239 -1.1212349  -1.1485703 ]
    [ 0.03707483 -1.5203027  -1.1726705 ]
    [-0.14527865  0.06624033 -1.0422289 ]
    [-0.10556307  0.05814362 -1.0248891 ]
    [-0.16721767  0.06268177 -1.0963866 ]
    [-0.05469017  0.03974109 -1.0472571 ]
First Person attributes:
 Confidence (42/100)
 Tracking ID: 1 tracking state: OK / IDLE
 3D position: [0.8867617249488831,-0.6638512015342712,-1.5627107620239258]
 Velocity: [-0.003784153377637267,-0.00010608949378365651,0.009295694530010223]
 3D dimentions: [0.5015400648117065,1.5099114179611206,0.5015402436256409]
 2D mask available
 Keypoint 2D 
    [1730.08032227  557.95288086]
    [1604.49291992  593.17547607]
    [1495.67224121  636.42852783]
    [1514.67675781  829.65203857]
    [1535.94885254 1013.42547607]
    [1703.99487305  553.62634277]
    [1719.46740723  731.21875   ]
    [1737.79296875  900.0411377 ]
    [1622.80273438  981.45147705]
    [1651.4354248  1282.98291016]
    [1677.95532227 1545.26086426]
    [1717.90942383  928.91125488]
    [1744.03540039 1218.90380859]
    [1768.48083496 1471.31347656]
    [1712.97302246  532.85601807]
    [1717.01818848  517.57806396]
    [1617.52233887  519.31036377]
    [1633.97033691  479.01412964]

 Keypoint 3D 
    [ 1.0080824  -0.01594722 -1.4838669 ]
    [ 0.8720837  -0.06588089 -1.5424467 ]
    [ 0.68756145 -0.12077057 -1.4734492 ]
    [ 0.72022575 -0.38299972 -1.4884363 ]
    [ 0.7535878  -0.63513625 -1.4976343 ]
    [ 1.056606  -0.0109912 -1.6114442]
    [ 1.0892704  -0.27322036 -1.6264313 ]
    [ 1.1226323  -0.52535695 -1.6356293 ]
    [ 0.91522366 -0.6212703  -1.5725323 ]
    [ 0.9703437 -1.0672655 -1.5959845]
    [ 1.0203052 -1.463712  -1.6142594]
    [ 1.0962297  -0.56982785 -1.6402854 ]
    [ 1.1513499 -1.0158229 -1.6637377]
    [ 1.2013111 -1.4122698 -1.6820124]
    [ 0.9692654   0.01756283 -1.4600961 ]
    [ 0.9962406   0.03864542 -1.492478  ]
    [ 0.8546705   0.03601224 -1.4806818 ]
    [ 0.9311003   0.09574624 -1.5724303 ]
2 Person(s) detected
First Person attributes:
 Confidence (65/100)
 Tracking ID: 0 tracking state: OK / IDLE
 3D position: [-0.09258291125297546,-0.7067481875419617,-1.058973789215088]
 Velocity: [0.011221390217542648,0.0005557354888878763,0.16496995091438293]
 3D dimentions: [0.5174620747566223,1.5572246313095093,0.5174620747566223]
 2D mask available
 Keypoint 2D 
    [840.86566162 507.28460693]
    [879.63690186 675.54022217]
    [747.83557129 672.64160156]
    [750.91070557 899.80749512]
    [ 750.15899658 1120.66699219]
    [1012.50006104  678.4621582 ]
    [1054.08764648  909.76879883]
    [1094.14990234 1132.49194336]
    [ 775.60119629 1218.43981934]
    [ 781.26611328 1643.23181152]
    [ 785.45916748 2008.28845215]
    [ 976.43658447 1226.04760742]
    [ 977.33880615 1653.19519043]
    [ 977.99481201 2020.21154785]
    [828.97875977 468.68496704]
    [873.5279541  475.30648804]
    [808.90661621 479.03393555]
    [929.89025879 497.42294312]

 Keypoint 3D 
    [-0.12459503  0.03440253 -0.97637737]
    [-0.09663205 -0.12280638 -1.0455273 ]
    [-0.22257803 -0.12053778 -1.0497217 ]
    [-0.22269651 -0.34161913 -1.0642885 ]
    [-0.22330984 -0.5546568  -1.0637515 ]
    [ 0.02931395 -0.12507498 -1.0413328 ]
    [ 0.06850944 -0.34313536 -1.0397298 ]
    [ 0.10621848 -0.55280864 -1.0388268 ]
    [-0.20484726 -0.66895854 -1.0963916 ]
    [-0.20405522 -1.1181672  -1.1230539 ]
    [-0.20345591 -1.5176332  -1.1437079 ]
    [-0.00498828 -0.6724137  -1.0897236 ]
    [-0.00419625 -1.1216224  -1.116386  ]
    [-0.00359695 -1.5210884  -1.13704   ]
    [-0.13729715  0.06970602 -0.99205256]
    [-0.09611542  0.06304011 -0.981088  ]
    [-0.16436279  0.063885   -1.0494862 ]
    [-0.04768122  0.0449983  -1.0184201 ]
First Person attributes:
 Confidence (41/100)
 Tracking ID: 1 tracking state: OK / IDLE
 3D position: [0.88419508934021,-0.6630584001541138,-1.5582633018493652]
 Velocity: [-0.005304396152496338,-0.00014847512647975236,0.011577767319977283]
 3D dimentions: [0.5009699463844299,1.508246898651123,0.5009699463844299]
 2D mask available
 Keypoint 2D 
    [1732.93005371  557.33117676]
    [1604.72180176  591.09002686]
    [1495.31896973  634.37310791]
    [1514.33544922  828.19689941]
    [1535.62219238 1012.54321289]
    [1704.7800293   551.50396729]
    [1720.25830078  729.68835449]
    [1738.5994873   899.07391357]
    [1622.87194824  980.15350342]
    [1651.45654297 1282.33496094]
    [1677.94445801 1545.18823242]
    [1718.42602539  927.65081787]
    [1744.50366211 1218.3104248 ]
    [1768.9185791  1471.30822754]
    [1714.07226562  533.57165527]
    [1719.35302734  517.00445557]
    [1616.8848877   521.48828125]
    [1636.44812012  477.62359619]

 Keypoint 3D 
    [ 1.0066752 -0.0150317 -1.4761763]
    [ 0.87042516 -0.06281895 -1.5389478 ]
    [ 0.6856174  -0.11776926 -1.4702929 ]
    [ 0.718217   -0.38021472 -1.4852356 ]
    [ 0.751508  -0.6325603 -1.4943814]
    [ 1.0552329  -0.00786863 -1.6076027 ]
    [ 1.0878325  -0.27031407 -1.6225454 ]
    [ 1.1211234 -0.5226598 -1.6316911]
    [ 0.9135048  -0.61818796 -1.5694097 ]
    [ 0.96844596 -1.0642078  -1.5928129 ]
    [ 1.0182477 -1.460677  -1.6110293]
    [ 1.0946524  -0.56673676 -1.6367768 ]
    [ 1.1495936 -1.0127567 -1.6601801]
    [ 1.1993953 -1.4092258 -1.6783965]
    [ 0.96612495  0.0165359  -1.4531817 ]
    [ 0.9935069   0.03918974 -1.4836732 ]
    [ 0.8519886   0.03301497 -1.4775162 ]
    [ 0.92957073  0.09720085 -1.5639085 ]
2 Person(s) detected
First Person attributes:
 Confidence (64/100)
 Tracking ID: 0 tracking state: OK / IDLE
 3D position: [-0.09109257161617279,-0.6713389158248901,-1.0351934432983398]
 Velocity: [9.001498256111518e-05,-5.095993765280582e-05,-0.03847017511725426]
 3D dimentions: [0.49022915959358215,1.4777681827545166,0.49022912979125977]
 2D mask available
 Keypoint 2D 
    [843.69451904 505.00680542]
    [880.02844238 673.57012939]
    [743.86547852 669.85791016]
    [736.48529053 911.01446533]
    [ 730.17401123 1146.22106934]
    [1007.47558594  677.0447998 ]
    [1049.83959961  905.42004395]
    [1090.11962891 1128.01342773]
    [ 734.31304932 1251.22363281]
    [ 721.23358154 1713.99133301]
    [ 710.00689697 2119.43261719]
    [ 941.02539062 1227.44042969]
    [ 925.94091797 1667.64294434]
    [ 913.48895264 2053.62329102]
    [830.74310303 465.52252197]
    [878.30627441 472.83554077]
    [805.00073242 476.43164062]
    [931.18884277 496.00192261]

 Keypoint 3D 
    [-0.11858255  0.03537496 -0.9483393 ]
    [-0.09539679 -0.119852   -1.0361462 ]
    [-0.2160451  -0.11251393 -1.0018871 ]
    [-0.22459407 -0.3345176  -1.0101571 ]
    [-0.22956878 -0.54820144 -1.0066012 ]
    [ 0.02525152 -0.12719008 -1.0704052 ]
    [ 0.06573748 -0.34553042 -1.0596589 ]
    [ 0.10375986 -0.5557689  -1.0524278 ]
    [-0.23207349 -0.66205305 -1.034624  ]
    [-0.24769653 -1.111559   -1.0487756 ]
    [-0.2607597 -1.511229  -1.0584277]
    [-0.03998654 -0.6734362  -1.0891496 ]
    [-0.05560959 -1.1229422  -1.1033012 ]
    [-0.06867274 -1.5226125  -1.1129533 ]
    [-0.13268787  0.07093816 -0.9699701 ]
    [-0.09043483  0.06422726 -0.9658563 ]
    [-0.16668567  0.06581181 -1.0407623 ]
    [-0.04696874  0.04679763 -1.0291064 ]
First Person attributes:
 Confidence (42/100)
 Tracking ID: 1 tracking state: OK / IDLE
 3D position: [0.8888878226280212,-0.6652786731719971,-1.5592681169509888]
 Velocity: [0.0012142264749854803,6.371217023115605e-05,0.018863314762711525]
 3D dimentions: [0.5027715563774109,1.5136338472366333,0.5027713775634766]
 2D mask available
 Keypoint 2D 
    [1737.88830566  557.84674072]
    [1608.0723877   593.78466797]
    [1497.14990234  635.81665039]
    [1515.68969727  829.17779541]
    [1536.87585449 1013.22894287]
    [1709.82250977  555.22845459]
    [1724.84143066  733.50915527]
    [1743.17236328  903.08166504]
    [1622.28808594  982.50616455]
    [1650.18652344 1284.08032227]
    [1676.13354492 1546.37683105]
    [1719.53833008  931.45245361]
    [1744.94592285 1221.92541504]
    [1768.84387207 1474.72570801]
    [1717.73278809  535.84960938]
    [1723.84570312  517.73522949]
    [1619.52587891  525.8996582 ]
    [1641.05615234  477.71292114]

 Keypoint 3D 
    [ 1.0134203  -0.01572395 -1.476326  ]
    [ 0.87583    -0.06663746 -1.5402234 ]
    [ 0.6896986  -0.11998043 -1.4737936 ]
    [ 0.72189736 -0.3825198  -1.489062  ]
    [ 0.75496495 -0.6349677  -1.4978667 ]
    [ 1.0619615  -0.01329449 -1.6066531 ]
    [ 1.0941601  -0.27583393 -1.6219214 ]
    [ 1.1272279  -0.52828175 -1.6307262 ]
    [ 0.9139399 -0.6224014 -1.5715879]
    [ 0.96819687 -1.0684819  -1.5954276 ]
    [ 1.017405  -1.4650139 -1.6138924]
    [ 1.0962884 -0.5723751 -1.6367526]
    [ 1.1505455 -1.0184557 -1.6605922]
    [ 1.1997535 -1.4149877 -1.6790569]
    [ 0.9711822   0.01353506 -1.4535258 ]
    [ 0.9985119   0.03816589 -1.4821231 ]
    [ 0.85746706  0.02716127 -1.4808619 ]
    [ 0.934901    0.09694862 -1.5618873 ]
2 Person(s) detected
First Person attributes:
 Confidence (64/100)
 Tracking ID: 0 tracking state: OK / IDLE
 3D position: [-0.09450757503509521,-0.6958991289138794,-1.09671950340271]
 Velocity: [-0.0002540920104365796,-0.00010288633347954601,-0.07557963579893112]
 3D dimentions: [0.5091705322265625,1.5329914093017578,0.5091704726219177]
 2D mask available
 Keypoint 2D 
    [842.93792725 516.68896484]
    [879.09747314 673.27954102]
    [751.90374756 670.80804443]
    [755.82336426 891.00616455]
    [ 756.26538086 1104.45874023]
    [1006.98449707  675.76470947]
    [1047.85974121  900.71142578]
    [1087.40319824 1118.19458008]
    [ 779.57348633 1195.86157227]
    [ 786.91833496 1603.6003418 ]
    [ 792.57562256 1953.11413574]
    [ 973.19049072 1201.60058594]
    [ 975.68670654 1610.8449707 ]
    [ 977.7208252 1961.6060791]
    [831.28747559 478.42602539]
    [875.27947998 483.86837769]
    [814.14111328 486.4128418 ]
    [932.23638916 501.26248169]

 Keypoint 3D 
    [-0.12556377  0.02666525 -0.9986864 ]
    [-0.10058408 -0.12493446 -1.082553  ]
    [-0.22615579 -0.1228393  -1.0854954 ]
    [-0.22557002 -0.34476236 -1.1014901 ]
    [-0.22535758 -0.5587011  -1.1026125 ]
    [ 0.02498762 -0.12702966 -1.0796107 ]
    [ 0.06474958 -0.3458961  -1.074866  ]
    [ 0.10301194 -0.5563638  -1.0716367 ]
    [-0.20844342 -0.6707851  -1.137588  ]
    [-0.206031  -1.1198249 -1.16687  ]
    [-0.20396379 -1.5191643  -1.1897565 ]
    [-0.00852315 -0.6739119  -1.1328841 ]
    [-0.00611073 -1.1229516  -1.1621662 ]
    [-0.00404351 -1.5222908  -1.1850528 ]
    [-0.13874009  0.06252312 -1.0178885 ]
    [-0.09724626  0.05699382 -1.0090023 ]
    [-0.16499504  0.05886123 -1.0864779 ]
    [-0.04742917  0.04319493 -1.0613004 ]
First Person attributes:
 Confidence (45/100)
 Tracking ID: 1 tracking state: OK / IDLE
 3D position: [0.8950250148773193,-0.6691727042198181,-1.5666143894195557]
 Velocity: [0.0017394330352544785,7.010186527622864e-05,0.01335117407143116]
 3D dimentions: [0.5059840083122253,1.5226614475250244,0.5059841275215149]
 2D mask available
 Keypoint 2D 
    [1737.82470703  569.31866455]
    [1608.52368164  593.85913086]
    [1497.88977051  634.81420898]
    [1536.38745117  832.42163086]
    [1571.82263184 1021.49517822]
    [1710.01391602  556.28881836]
    [1723.97436523  737.61413574]
    [1742.27600098  910.1116333 ]
    [1617.47302246  978.55609131]
    [1643.37268066 1276.49731445]
    [1667.62329102 1535.32727051]
    [1714.01477051  928.86621094]
    [1737.44580078 1215.95800781]
    [1759.67236328 1465.52880859]
    [1716.34265137  547.29766846]
    [1730.13537598  527.6338501 ]
    [1617.50964355  530.93823242]
    [1658.41540527  478.73025513]

 Keypoint 3D 
    [ 1.0083433  -0.03094076 -1.4690535 ]
    [ 0.88360065 -0.0672852  -1.5527706 ]
    [ 0.6963333  -0.11960929 -1.4858392 ]
    [ 0.74881446 -0.38636035 -1.486972  ]
    [ 0.7984746 -0.6429876 -1.4904108]
    [ 1.070868   -0.01496111 -1.6197021 ]
    [ 1.1027591  -0.28442326 -1.6365772 ]
    [ 1.1360705  -0.54355085 -1.6454549 ]
    [ 0.91653836 -0.62320405 -1.5879884 ]
    [ 0.9691133 -1.0694004 -1.6133773]
    [ 1.0168841 -1.466049  -1.6330729]
    [ 1.0991195 -0.5742998 -1.653353 ]
    [ 1.1516943 -1.0204962 -1.678742 ]
    [ 1.1994652 -1.4171448 -1.6984376]
    [ 0.9651807  -0.00155926 -1.447276  ]
    [ 0.99771976  0.02462344 -1.4685054 ]
    [ 0.85895073  0.02049001 -1.4881265 ]
    [ 0.9511449   0.09467434 -1.5482761 ]
2 Person(s) detected
First Person attributes:
 Confidence (64/100)
 Tracking ID: 0 tracking state: OK / IDLE
 3D position: [-0.09444086253643036,-0.6870957016944885,-1.1021943092346191]
 Velocity: [-0.0022420345339924097,-0.00015855829406064004,-0.08595818281173706]
 3D dimentions: [0.5030282735824585,1.512752652168274,0.503028154373169]
 2D mask available
 Keypoint 2D 
    [840.80969238 529.69970703]
    [878.8270874  673.10864258]
    [759.92352295 668.5760498 ]
    [769.09979248 882.0859375 ]
    [ 771.33465576 1088.68579102]
    [1003.9475708  677.8782959]
    [1044.22192383  904.08886719]
    [1080.79467773 1125.89978027]
    [ 804.97137451 1172.16455078]
    [ 820.75921631 1560.4967041 ]
    [ 832.95306396 1890.63586426]
    [ 987.69854736 1198.41748047]
    [ 998.43707275 1600.54174805]
    [1006.81512451 1941.83679199]
    [829.76379395 487.09454346]
    [873.56872559 495.95092773]
    [813.29412842 486.07089233]
    [931.61883545 510.05813599]

 Keypoint 3D 
    [-0.12586324  0.01468329 -0.98592305]
    [-0.10104226 -0.12500474 -1.0846198 ]
    [-0.22363538 -0.12361429 -1.1122524 ]
    [-0.21821375 -0.34520274 -1.1321794 ]
    [-0.21656874 -0.5591582  -1.1355944 ]
    [ 0.02155083 -0.12639515 -1.0569869 ]
    [ 0.06053894 -0.3454129  -1.0632375 ]
    [ 0.09532154 -0.55648154 -1.0576187 ]
    [-0.18869065 -0.6692596  -1.1779622 ]
    [-0.1770838 -1.1176564 -1.2140973]
    [-0.167526  -1.5165058 -1.2428641]
    [ 0.00639875 -0.67127705 -1.1339616 ]
    [ 0.01800559 -1.1196735  -1.1700966 ]
    [ 0.02756339 -1.5185233  -1.1988636 ]
    [-0.13735007  0.05342741 -0.99757034]
    [-0.09669433  0.04494538 -0.9873703 ]
    [-0.16187383  0.05778606 -1.060557  ]
    [-0.04668256  0.0337536  -1.0316569 ]
First Person attributes:
 Confidence (43/100)
 Tracking ID: 1 tracking state: OK / IDLE
 3D position: [0.8900256156921387,-0.6655935049057007,-1.5657408237457275]
 Velocity: [-0.001203139778226614,-5.484313805936836e-05,-0.016968514770269394]
 3D dimentions: [0.5033881068229675,1.514868140220642,0.5033880472183228]
 2D mask available
 Keypoint 2D 
    [1735.21105957  557.23919678]
    [1605.58789062  594.18353271]
    [1493.69458008  635.76330566]
    [1517.52624512  837.10266113]
    [1539.16467285 1031.05090332]
    [1708.42041016  555.9708252 ]
    [1722.96130371  737.87213135]
    [1741.85131836  911.03039551]
    [1617.9519043   980.02716064]
    [1645.15393066 1279.34216309]
    [1670.44726562 1539.61547852]
    [1715.69030762  930.03082275]
    [1740.44116211 1218.64172363]
    [1763.7220459  1469.76318359]
    [1716.51000977  535.38793945]
    [1724.44238281  516.35870361]
    [1619.42956543  524.33898926]
    [1645.47998047  473.64758301]

 Keypoint 3D 
    [ 1.0145531  -0.01497974 -1.4832258 ]
    [ 0.8781687  -0.06764264 -1.5504841 ]
    [ 0.6903132  -0.12082557 -1.4850581 ]
    [ 0.72052854 -0.39113873 -1.4811466 ]
    [ 0.7488374 -0.65116   -1.4796119]
    [ 1.0660242  -0.01445974 -1.61591   ]
    [ 1.0983636  -0.28405875 -1.6322807 ]
    [ 1.1320701 -0.5433073 -1.6405767]
    [ 0.91450256 -0.62346566 -1.5832691 ]
    [ 0.9681361 -1.0696045 -1.6074247]
    [ 1.0167629 -1.4661944 -1.6261853]
    [ 1.0974469  -0.57385814 -1.6470697 ]
    [ 1.1510804 -1.019997  -1.6712253]
    [ 1.1997072 -1.4165869 -1.6899859]
    [ 0.9727967   0.01419108 -1.4583641 ]
    [ 1.0012912   0.04009657 -1.4850549 ]
    [ 0.8611353   0.02938826 -1.4874216 ]
    [ 0.94186926  0.10278713 -1.5630451 ]
2 Person(s) detected
First Person attributes:
 Confidence (64/100)
 Tracking ID: 0 tracking state: OK / IDLE
 3D position: [-0.09347358345985413,-0.6834176778793335,-1.091207504272461]
 Velocity: [-0.0001389704120811075,-2.3463688194169663e-05,-0.01396636851131916]
 3D dimentions: [0.500802755355835,1.5045995712280273,0.500802755355835]
 2D mask available
 Keypoint 2D 
    [838.04248047 524.66387939]
    [879.11462402 672.07739258]
    [760.52441406 666.60168457]
    [769.75299072 881.8258667 ]
    [ 771.26940918 1090.22436523]
    [1004.7633667   677.87890625]
    [1045.1003418   907.82159424]
    [1081.37316895 1133.43249512]
    [ 805.49530029 1173.54406738]
    [ 821.15325928 1563.56347656]
    [ 833.14056396 1894.59875488]
    [ 988.22174072 1204.04663086]
    [ 998.72265625 1609.73461914]
    [1006.79644775 1953.3951416 ]
    [826.18334961 482.34869385]
    [870.20196533 489.9776001 ]
    [810.2064209  484.24880981]
    [929.3493042  505.04223633]

 Keypoint 3D 
    [-0.12683533  0.01896417 -0.9743699 ]
    [-0.09972793 -0.12272061 -1.0735188 ]
    [-0.221483   -0.12077846 -1.104543  ]
    [-0.21614869 -0.3427253  -1.1249248 ]
    [-0.21521623 -0.5570688  -1.1281519 ]
    [ 0.02202716 -0.12466276 -1.0424948 ]
    [ 0.06053529 -0.34417456 -1.0484928 ]
    [ 0.09452323 -0.5557532  -1.0426878 ]
    [-0.1869226  -0.66642773 -1.1703987 ]
    [-0.17566231 -1.1147697  -1.2073114 ]
    [-0.16650039 -1.5135751  -1.2368168 ]
    [ 0.00685785 -0.6693278  -1.120995  ]
    [ 0.01811814 -1.1176698  -1.1579077 ]
    [ 0.02728004 -1.516475   -1.1874131 ]
    [-0.13902627  0.05708123 -0.9864644 ]
    [-0.09849712  0.0496854  -0.97534907]
    [-0.16293599  0.05885002 -1.0482708 ]
    [-0.04810344  0.03789514 -1.0167774 ]
First Person attributes:
 Confidence (44/100)
 Tracking ID: 1 tracking state: OK / IDLE
 3D position: [0.8873124122619629,-0.6637083292007446,-1.5647639036178589]
 Velocity: [-0.0015573007985949516,-6.988138920860365e-05,-0.015919890254735947]
 3D dimentions: [0.5021087527275085,1.5113176107406616,0.5021089315414429]
 2D mask available
 Keypoint 2D 
    [1735.71826172  550.70941162]
    [1604.45166016  595.24328613]
    [1492.40185547  636.32629395]
    [1507.36022949  837.84790039]
    [1521.06347656 1032.09313965]
    [1707.38830566  557.50158691]
    [1722.14550781  738.94628906]
    [1740.61291504  911.5612793 ]
    [1616.24035645  982.23321533]
    [1643.46691895 1282.30541992]
    [1668.79760742 1543.26965332]
    [1714.24450684  932.44238281]
    [1739.01245117 1221.71020508]
    [1762.32495117 1473.43469238]
    [1717.65222168  529.31750488]
    [1722.02099609  510.60583496]
    [1621.67700195  522.64959717]
    [1638.60961914  472.60165405]

 Keypoint 3D 
    [ 1.0189381  -0.00621291 -1.4886346 ]
    [ 0.8752856  -0.06903249 -1.5482123 ]
    [ 0.6874238  -0.12138174 -1.4825838 ]
    [ 0.7059933  -0.39165744 -1.4793223 ]
    [ 0.7234413 -0.6515773 -1.4773853]
    [ 1.0631474  -0.01668322 -1.6138407 ]
    [ 1.0954645 -0.2852097 -1.6297654]
    [ 1.1288322 -0.5434266 -1.6385529]
    [ 0.9098181  -0.62510645 -1.579406  ]
    [ 0.9632866 -1.0712712 -1.6034487]
    [ 1.0117753 -1.4678833 -1.6220925]
    [ 1.0928682  -0.57618815 -1.6434343 ]
    [ 1.1463368 -1.0223529 -1.6674771]
    [ 1.1948256 -1.418965  -1.6861206]
    [ 0.9772751   0.02229282 -1.4628046 ]
    [ 1.0031092   0.04809332 -1.4926158 ]
    [ 0.86301136  0.03162623 -1.485429  ]
    [ 0.9362082   0.10472765 -1.5698943 ]
2 Person(s) detected
First Person attributes:
 Confidence (64/100)
 Tracking ID: 0 tracking state: OK / IDLE
 3D position: [-0.09317483007907867,-0.6962146759033203,-1.1152749061584473]
 Velocity: [0.004369762726128101,0.0001259560085600242,-0.011216292157769203]
 3D dimentions: [0.5106937885284424,1.5335185527801514,0.5106938481330872]
 2D mask available
 Keypoint 2D 
    [837.26080322 512.23388672]
    [881.29412842 673.68310547]
    [770.11083984 668.41418457]
    [780.88671875 879.53826904]
    [ 782.67303467 1084.56103516]
    [1001.51275635  679.38018799]
    [1031.24768066  911.49755859]
    [1057.16772461 1138.43005371]
    [ 819.82714844 1169.07617188]
    [ 838.20690918 1555.80163574]
    [ 852.47698975 1885.63671875]
    [ 994.71466064 1207.34606934]
    [1009.11816406 1615.63977051]
    [1020.34338379 1963.02392578]
    [828.0345459 474.2355957]
    [866.8626709  479.67922974]
    [819.20355225 483.58880615]
    [925.92053223 499.05328369]

 Keypoint 3D 
    [-0.13394216  0.03146243 -1.0233892 ]
    [-0.09976476 -0.12703563 -1.0972776 ]
    [-0.2186984  -0.12654419 -1.1401215 ]
    [-0.21089718 -0.35055384 -1.1585147 ]
    [-0.20927191 -0.5667922  -1.159916  ]
    [ 0.0191689  -0.12752706 -1.0544338 ]
    [ 0.04775091 -0.35058427 -1.0572746 ]
    [ 0.07224362 -0.5653715  -1.0517834 ]
    [-0.1746727  -0.67313766 -1.1906615 ]
    [-0.15915728 -1.1216271  -1.2240763 ]
    [-0.14643528 -1.5205296  -1.2508126 ]
    [ 0.01348564 -0.67380816 -1.1228677 ]
    [ 0.02900107 -1.1222976  -1.1562824 ]
    [ 0.04172307 -1.5212003  -1.1830188 ]
    [-0.14468656  0.06777187 -1.0390127 ]
    [-0.10624623  0.06157909 -1.021432  ]
    [-0.1617992   0.06233758 -1.0986712 ]
    [-0.05288492  0.04479142 -1.0488595 ]
First Person attributes:
 Confidence (43/100)
 Tracking ID: 1 tracking state: OK / IDLE
 3D position: [0.8873146176338196,-0.6596097946166992,-1.5580028295516968]
 Velocity: [0.01181876938790083,0.00035704494803212583,-0.011632753536105156]
 3D dimentions: [0.49910470843315125,1.502637267112732,0.49910470843315125]
 2D mask available
 Keypoint 2D 
    [1739.65710449  551.5446167 ]
    [1608.70617676  590.51818848]
    [1494.97302246  630.26300049]
    [1507.49279785  829.57794189]
    [1518.95581055 1021.72393799]
    [1713.76672363  553.80407715]
    [1728.91113281  734.30236816]
    [1747.66357422  906.18164062]
    [1620.23388672  979.47241211]
    [1648.27636719 1281.43688965]
    [1674.31201172 1544.40002441]
    [1721.22521973  931.01696777]
    [1746.86010742 1222.67102051]
    [1770.92736816 1476.79052734]
    [1720.0703125   528.98632812]
    [1725.69274902  511.51663208]
    [1622.93237305  520.00482178]
    [1643.27392578  473.54284668]

 Keypoint 3D 
    [ 1.0174315  -0.00729225 -1.4787112 ]
    [ 0.8787261  -0.06221408 -1.5437552 ]
    [ 0.690875   -0.11322243 -1.482566  ]
    [ 0.7061996  -0.38057035 -1.4793818 ]
    [ 0.7206038  -0.63766474 -1.4773617 ]
    [ 1.0665772  -0.01120574 -1.6049446 ]
    [ 1.0987595  -0.27665138 -1.6198711 ]
    [ 1.1318195  -0.53190374 -1.6277708 ]
    [ 0.9117149 -0.6185526 -1.5728036]
    [ 0.9655131 -1.0647451 -1.595563 ]
    [ 1.0142256 -1.4613813 -1.6130787]
    [ 1.0962688 -0.5704144 -1.6329912]
    [ 1.150067  -1.0166069 -1.6557506]
    [ 1.1987796 -1.4132432 -1.6732663]
    [ 0.9757857   0.02262355 -1.4557934 ]
    [ 1.003328    0.04663854 -1.4855758 ]
    [ 0.8626694   0.03510877 -1.4819345 ]
    [ 0.9407058   0.10315124 -1.5663182 ]
2 Person(s) detected
First Person attributes:
 Confidence (58/100)
 Tracking ID: 0 tracking state: OK / IDLE
 3D position: [-0.09272500872612,-0.6839072704315186,-1.090268850326538]
 Velocity: [-0.0008161482983268797,-2.4843418941600248e-05,0.0005156841943971813]
 3D dimentions: [0.49995529651641846,1.5065746307373047,0.499955415725708]
 2D mask available
 Keypoint 2D 
    [832.19525146 498.76437378]
    [872.78057861 669.40167236]
    [773.3706665  662.42993164]
    [789.72485352 888.72625732]
    [ 795.89019775 1108.93762207]
    [997.16784668 678.12506104]
    [1022.46704102  933.53216553]
    [1009.63647461 1182.18359375]
    [ 851.05175781 1183.37426758]
    [ 879.99072266 1600.29541016]
    [ 903.84887695 1967.3494873 ]
    [ 985.20092773 1264.20068359]
    [1016.91650391 1737.640625  ]
    [1043.14709473 2153.87866211]
    [830.54205322 464.49078369]
    [861.71820068 469.42062378]
    [837.28692627 477.85974121]
    [926.22351074 493.0881958 ]

 Keypoint 3D 
    [-0.14206605  0.04505644 -1.048628  ]
    [-0.10653626 -0.1208369  -1.079981  ]
    [-0.22673148 -0.12672766 -1.2005147 ]
    [-0.20986426 -0.37497073 -1.2059758 ]
    [-0.20250867 -0.61413366 -1.2023652 ]
    [ 0.01365896 -0.11494613 -0.95944697]
    [ 0.03772032 -0.3565494  -1.0141084 ]
    [ 0.0263378  -0.59500086 -1.0307639 ]
    [-0.13768879 -0.672735   -1.1632507 ]
    [-0.10798591 -1.1216594  -1.1724457 ]
    [-0.08307156 -1.520827   -1.1791289 ]
    [ 0.00344954 -0.6658254  -1.0217154 ]
    [ 0.03315241 -1.1147499  -1.0309105 ]
    [ 0.05806677 -1.5139173  -1.0375936 ]
    [-0.14679763  0.07938047 -1.0716851 ]
    [-0.11270811  0.0721726  -1.03701   ]
    [-0.14860968  0.07034095 -1.1356624 ]
    [-0.05202275  0.04991867 -1.0374167 ]
First Person attributes:
 Confidence (43/100)
 Tracking ID: 1 tracking state: OK / IDLE
 3D position: [0.8910050988197327,-0.6636046767234802,-1.5590529441833496]
 Velocity: [0.0033047653269022703,0.00012383121065795422,0.02079937607049942]
 3D dimentions: [0.5021010637283325,1.5118895769119263,0.5021011829376221]
 2D mask available
 Keypoint 2D 
    [1739.13769531  550.46228027]
    [1609.19067383  593.8269043 ]
    [1492.76403809  632.90319824]
    [1504.57421875  831.35369873]
    [1515.4440918  1022.69580078]
    [1717.38903809  557.51226807]
    [1732.77160645  738.32116699]
    [1751.78967285  910.66369629]
    [1619.79016113  982.66387939]
    [1648.17370605 1284.88793945]
    [1674.51550293 1548.38452148]
    [1723.87451172  935.59527588]
    [1749.92053223 1228.25500488]
    [1774.36425781 1483.52441406]
    [1719.09069824  528.55566406]
    [1724.05554199  511.03164673]
    [1622.3581543   521.29931641]
    [1640.96801758  474.59777832]

 Keypoint 3D 
    [ 1.0205675  -0.00586195 -1.4842862 ]
    [ 0.8799346 -0.0668897 -1.5446849]
    [ 0.6904717  -0.11721073 -1.488102  ]
    [ 0.70490956 -0.38438755 -1.4849182 ]
    [ 0.7185224 -0.6413121 -1.4827822]
    [ 1.0693973  -0.01656869 -1.6012676 ]
    [ 1.1015617 -0.2818242 -1.6156572]
    [ 1.134484  -0.5369012 -1.6228634]
    [ 0.91145605 -0.6233641  -1.5734502 ]
    [ 0.9652377 -1.0696014 -1.5953531]
    [ 1.013879  -1.4662818 -1.6120538]
    [ 1.0975804  -0.57582766 -1.6291106 ]
    [ 1.1513621 -1.0220649 -1.6510133]
    [ 1.2000033 -1.4187453 -1.667714 ]
    [ 0.97843677  0.02328644 -1.4616872 ]
    [ 1.0053893   0.04749401 -1.4919096 ]
    [ 0.8649618   0.03348645 -1.487204  ]
    [ 0.9413277   0.10207454 -1.5728341 ]
2 Person(s) detected
First Person attributes:
 Confidence (62/100)
 Tracking ID: 0 tracking state: OK / IDLE
 3D position: [-0.0954257994890213,-0.6883290410041809,-1.0865836143493652]
 Velocity: [-0.006214870139956474,-0.00017726131773088127,0.021246952936053276]
 3D dimentions: [0.5013638734817505,1.514732837677002,0.5013638138771057]
 2D mask available
 Keypoint 2D 
    [831.73327637 516.75726318]
    [871.76843262 674.3270874 ]
    [770.68670654 670.29138184]
    [791.34259033 895.77856445]
    [ 801.02062988 1116.00195312]
    [997.54858398 679.34893799]
    [1023.71252441  949.23352051]
    [1023.31591797 1214.55554199]
    [ 864.15997314 1186.39208984]
    [ 899.86224365 1601.92468262]
    [ 929.2835083  1969.00952148]
    [1002.03112793 1261.08935547]
    [1041.4107666  1731.63452148]
    [1074.02404785 2146.9284668 ]
    [822.04510498 481.65042114]
    [858.14910889 484.14984131]
    [822.19268799 491.18658447]
    [923.44335938 498.92010498]

 Keypoint 3D 
    [-0.14092563  0.02762401 -1.0370013 ]
    [-0.10798127 -0.12619376 -1.0845312 ]
    [-0.23005524 -0.13552791 -1.2026036 ]
    [-0.20838399 -0.38322282 -1.2076578 ]
    [-0.19696893 -0.6220265  -1.2027222 ]
    [ 0.01409271 -0.1168596  -0.96645886]
    [ 0.03803262 -0.36303943 -0.9923498 ]
    [ 0.0376871  -0.60216635 -0.99265724]
    [-0.12435471 -0.6786699  -1.167982  ]
    [-0.0871253 -1.1270509 -1.1762635]
    [-0.05597199 -1.5258001  -1.1816045 ]
    [ 0.01919335 -0.66776294 -1.0291475 ]
    [ 0.05642277 -1.1161438  -1.037429  ]
    [ 0.08757608 -1.5148929  -1.04277   ]
    [-0.15277065  0.0617654  -1.0558525 ]
    [-0.11505672  0.05780344 -1.027984  ]
    [-0.16156395  0.05570866 -1.1176608 ]
    [-0.05470776  0.04448311 -1.0387003 ]
First Person attributes:
 Confidence (43/100)
 Tracking ID: 1 tracking state: OK / IDLE
 3D position: [0.8948377966880798,-0.6667269468307495,-1.5644383430480957]
 Velocity: [-0.0006221237708814442,-5.969254289084347e-06,0.01706346496939659]
 3D dimentions: [0.5048027038574219,1.5197569131851196,0.5048027634620667]
 2D mask available
 Keypoint 2D 
    [1737.66333008  557.07366943]
    [1609.58435059  594.67675781]
    [1500.50854492  634.34875488]
    [1535.00549316  833.07769775]
    [1566.40332031 1021.5881958 ]
    [1709.33227539  558.39746094]
    [1723.05200195  741.11010742]
    [1741.11279297  914.90185547]
    [1616.83105469  982.67773438]
    [1642.41027832 1282.83166504]
    [1666.36230469 1543.52087402]
    [1712.64599609  932.96533203]
    [1735.73535156 1221.67321777]
    [1757.63793945 1472.6036377 ]
    [1718.2644043   533.70391846]
    [1723.89477539  517.12774658]
    [1621.4876709   522.85137939]
    [1641.9230957   478.91983032]

 Keypoint 3D 
    [ 1.0157621  -0.01472659 -1.4801776 ]
    [ 0.8804809  -0.06808064 -1.5446749 ]
    [ 0.69507706 -0.11816783 -1.4756752 ]
    [ 0.74514556 -0.3863103  -1.4833802 ]
    [ 0.792499   -0.64421433 -1.4929621 ]
    [ 1.0658847  -0.01799343 -1.6136745 ]
    [ 1.0973041  -0.28854126 -1.6305069 ]
    [ 1.1302154 -0.5487046 -1.6394812]
    [ 0.90893954 -0.6245581  -1.576414  ]
    [ 0.9606909 -1.0708574 -1.6016848]
    [ 1.0077374 -1.4675934 -1.6213636]
    [ 1.0910358 -0.57726   -1.6442658]
    [ 1.1427872 -1.0235595 -1.6695366]
    [ 1.1898335 -1.4202955 -1.6892154]
    [ 0.9748451  0.0164152 -1.4579551]
    [ 1.002782    0.03914711 -1.4883631 ]
    [ 0.8617661   0.03131829 -1.4837242 ]
    [ 0.9409207   0.09572535 -1.5698806 ]
2 Person(s) detected
First Person attributes:
 Confidence (59/100)
 Tracking ID: 0 tracking state: OK / IDLE
 3D position: [-0.1046917513012886,-0.6969924569129944,-1.0389552116394043]
 Velocity: [-0.02555043250322342,-0.0005524132866412401,0.19074596464633942]
 3D dimentions: [0.5070419311523438,1.5316287279129028,0.5070421695709229]
 2D mask available
 Keypoint 2D 
    [834.07513428 518.31567383]
    [855.13690186 675.97900391]
    [706.32830811 667.96002197]
    [715.62103271 886.4777832 ]
    [ 716.23565674 1098.88769531]
    [1019.35473633  684.82836914]
    [1020.28063965  880.83483887]
    [1022.08300781 1036.54162598]
    [ 779.42401123 1217.42285156]
    [ 795.51049805 1644.68823242]
    [ 807.74859619 2012.40405273]
    [ 970.14483643 1261.17480469]
    [ 982.54522705 1713.05603027]
    [ 992.05511475 2101.20727539]
    [812.237854   481.65643311]
    [861.70623779 481.76156616]
    [785.66986084 491.38342285]
    [919.93658447 491.89007568]

 Keypoint 3D 
    [-0.12668599  0.02388793 -0.9470292 ]
    [-0.11571521 -0.11894343 -1.0092185 ]
    [-0.2644108  -0.11709271 -1.0588988 ]
    [-0.25882742 -0.3313643  -1.0727695 ]
    [-0.25810334 -0.5378937  -1.0722471 ]
    [ 0.03298038 -0.12079417 -0.95953804]
    [ 0.03681401 -0.31759155 -1.0455147 ]
    [ 0.04176174 -0.5044348  -1.1333802 ]
    [-0.20025988 -0.6653426  -1.0921173 ]
    [-0.18865821 -1.1144569  -1.1178436 ]
    [-0.17936765 -1.5138576  -1.1376605 ]
    [-0.01058298 -0.667573   -1.028732  ]
    [ 1.0187014e-03 -1.1166873e+00 -1.0544585e+00]
    [ 0.01030926 -1.516088   -1.0742751 ]
    [-0.1470474  0.0560012 -0.9574049]
    [-0.10321042  0.05544989 -0.9495285 ]
    [-0.17931896  0.05011775 -1.009109  ]
    [-0.0551142   0.04855566 -0.9867923 ]
First Person attributes:
 Confidence (41/100)
 Tracking ID: 1 tracking state: OK / IDLE
 3D position: [0.8962957859039307,-0.6677558422088623,-1.5676627159118652]
 Velocity: [-0.0007029491243883967,-1.6740739738452248e-05,0.004049704410135746]
 3D dimentions: [0.5056261420249939,1.5217063426971436,0.5056262612342834]
 2D mask available
 Keypoint 2D 
    [1734.81152344  562.65270996]
    [1608.67504883  593.28955078]
    [1499.52575684  633.84136963]
    [1544.52966309  834.3347168 ]
    [1585.4621582  1024.51171875]
    [1708.27539062  556.28533936]
    [1721.91418457  741.86791992]
    [1740.24450684  918.32299805]
    [1616.24108887  980.20257568]
    [1641.46264648 1279.42053223]
    [1665.10424805 1539.14013672]
    [1710.9798584   930.01348877]
    [1733.70117188 1217.68640137]
    [1755.28259277 1467.57543945]
    [1718.01330566  539.03808594]
    [1723.22241211  522.5491333 ]
    [1623.70141602  525.21148682]
    [1642.9654541  481.5737915]

 Keypoint 3D 
    [ 1.0162613  -0.02231592 -1.4865112 ]
    [ 0.88036543 -0.0662232  -1.5467117 ]
    [ 0.6938947  -0.11751105 -1.4759599 ]
    [ 0.7577975  -0.38791585 -1.4830492 ]
    [ 0.8181946 -0.6480749 -1.4927307]
    [ 1.0668361  -0.01493535 -1.6174635 ]
    [ 1.0987135 -0.2904803 -1.6351098]
    [ 1.1323022  -0.55545217 -1.6443878 ]
    [ 0.9102461 -0.6224877 -1.5801469]
    [ 0.961894  -1.0687661 -1.605993 ]
    [ 1.008872  -1.4654847 -1.6261764]
    [ 1.0917554  -0.57454234 -1.6491078 ]
    [ 1.1434033 -1.0208206 -1.6749539]
    [ 1.1903813 -1.4175392 -1.6951371]
    [ 0.97734416  0.00938475 -1.4621911 ]
    [ 1.0049719   0.03192285 -1.4929653 ]
    [ 0.86464787  0.02813715 -1.4835546 ]
    [ 0.9429268   0.09199511 -1.5707486 ]
2 Person(s) detected
First Person attributes:
 Confidence (50/100)
 Tracking ID: 0 tracking state: OK / IDLE
 3D position: [-0.10540845990180969,-0.6508094072341919,-1.0154097080230713]
 Velocity: [-0.02952551655471325,-0.0010361585300415754,-0.08781646937131882]
 3D dimentions: [0.4717411994934082,1.4285671710968018,0.4717411994934082]
 2D mask available
 Keypoint 2D 
    [833.9453125 517.0703125]
    [859.18438721 670.85211182]
    [728.72192383 665.73846436]
    [743.80407715 880.95928955]
    [ 747.88275146 1090.73498535]
    [1010.9876709   676.80230713]
    [1048.4777832   932.41741943]
    [1086.4786377 1179.5567627]
    [ 815.58721924 1216.12194824]
    [ 843.1809082  1646.44555664]
    [ 865.24688721 2018.03051758]
    [ 992.8614502  1276.54248047]
    [1019.19952393 1746.70483398]
    [1040.37145996 2151.54638672]
    [813.43786621 480.44207764]
    [860.85742188 480.92990112]
    [791.25067139 488.31814575]
    [920.36175537 489.89099121]

 Keypoint 3D 
    [-0.12692714  0.02498374 -0.94799715]
    [-0.11175428 -0.11398882 -1.0069302 ]
    [-0.24843346 -0.11758087 -1.08306   ]
    [-0.23611458 -0.33264813 -1.0946742 ]
    [-0.23162496 -0.5400246  -1.0926093 ]
    [ 0.02492487 -0.11039677 -0.9308004 ]
    [ 0.05614459 -0.32373095 -0.92342216]
    [ 0.08764028 -0.52872837 -0.91975343]
    [-0.16440305 -0.6639921  -1.0920167 ]
    [-0.13986222 -1.1127664  -1.1143653 ]
    [-0.11938783 -1.5118606  -1.1318167 ]
    [ 0.01027366 -0.659374   -0.99471945]
    [ 0.0348145 -1.1081481 -1.0170681]
    [ 0.05528888 -1.5072426  -1.0345197 ]
    [-0.1461203   0.05710144 -0.9581627 ]
    [-0.10374285  0.05605898 -0.9477105 ]
    [-0.17448801  0.05300989 -1.0107303 ]
    [-0.05441859  0.05005626 -0.9811154 ]
First Person attributes:
 Confidence (42/100)
 Tracking ID: 1 tracking state: OK / IDLE
 3D position: [0.8918761610984802,-0.665768027305603,-1.5689270496368408]
 Velocity: [-0.005234825890511274,-0.00018517326680012047,-0.016753097996115685]
 3D dimentions: [0.5041353702545166,1.516891598701477,0.5041355490684509]
 2D mask available
 Keypoint 2D 
    [1734.80615234  558.80554199]
    [1605.06872559  593.27496338]
    [1496.18762207  634.39398193]
    [1536.91687012  837.44415283]
    [1573.99633789 1030.26538086]
    [1704.33483887  555.78723145]
    [1718.3182373  742.4041748]
    [1736.82897949  919.76153564]
    [1614.10339355  979.62286377]
    [1639.68762207 1278.41381836]
    [1663.61120605 1537.72265625]
    [1708.28308105  928.98480225]
    [1731.35205078 1216.16442871]
    [1753.20019531 1465.58959961]
    [1716.00134277  536.49530029]
    [1721.33703613  519.06463623]
    [1620.234375    526.44671631]
    [1639.79162598  480.09625244]

 Keypoint 3D 
    [ 1.0147382  -0.01710042 -1.484294  ]
    [ 0.87648225 -0.06629195 -1.5487946 ]
    [ 0.690026   -0.11835451 -1.4772499 ]
    [ 0.7478991  -0.39228302 -1.4837385 ]
    [ 0.8025815 -0.6558033 -1.4925809]
    [ 1.0629386 -0.0142294 -1.6203394]
    [ 1.0954157  -0.29181895 -1.638158  ]
    [ 1.1295391  -0.55875343 -1.6477927 ]
    [ 0.9083031  -0.62242556 -1.5821022 ]
    [ 0.96050847 -1.0686358  -1.6080046 ]
    [ 1.0079747 -1.4652914 -1.6282862]
    [ 1.0894197 -0.5738986 -1.6516858]
    [ 1.1416252 -1.0201089 -1.677588 ]
    [ 1.1890916 -1.4167645 -1.6978697]
    [ 0.97380507  0.01274751 -1.4608868 ]
    [ 1.0010906   0.03659544 -1.4909894 ]
    [ 0.8607508   0.02649781 -1.4848841 ]
    [ 0.93806     0.09406696 -1.570175  ]
